    Lattice  Optimization  Initial_spin_angle    Qx    Qy  Ray  Spin_rotation_per_turn_(deg)  Max_|dθ|_element  vector      x0   y0     d0
------------------------------------------------------------------------------------------------------------------------------------------
MAGNETIC_2P            NC                   0  0.67  0.37  Ref             58.88333765353025                60     Ref     nan  nan    nan
MAGNETIC_2P            NC                   0  0.67  0.37    2             58.89781658058752                24       2   0.001  0.0    0.0
MAGNETIC_2P            NC                   0  0.67  0.37    3             58.90504910459296                24       3  0.0015  0.0    0.0
MAGNETIC_2P            NC                   0  0.67  0.37    4              58.9122720463565                24       4   0.002  0.0    0.0
MAGNETIC_2P            NC                   0  0.67  0.37    5             58.91949649860936                24       5  0.0025  0.0    0.0
MAGNETIC_2P            NC                   0  0.67  0.37    6             58.92671136146403                24       6   0.003  0.0    0.0
MAGNETIC_2P            NC                   0  0.67  0.37    7             58.93391662902232                24       7  0.0035  0.0    0.0
MAGNETIC_2P            NC                   0  0.67  0.37    8              58.9411234009712                24       8   0.004  0.0    0.0
MAGNETIC_2P            NC                   0  0.67  0.37    9             58.94832057046406                24       9  0.0045  0.0    0.0
MAGNETIC_2P            NC                   0  0.67  0.37   10              58.8907519102042                53      10     0.0  0.0  0.001


================================================================================
Contribution of element types to spin rotation
================================================================================


Ray 1
Element  Count      Total_rotation  Total_abs_rotation  Mean_abs_rotation   Max_abs_rotation
--------------------------------------------------------------------------------------------
     BM     12  58.883337653530255  58.883337653530255  4.906944804460855  4.906948589070147
     O2     28                 0.0                 0.0                0.0                0.0
     O4     14                 0.0                 0.0                0.0                0.0
    OBM      4                 0.0                 0.0                0.0                0.0
     QD     14                 0.0                 0.0                0.0                0.0
    QD1      2                 0.0                 0.0                0.0                0.0
     QF     12                 0.0                 0.0                0.0                0.0
    QF1      4                 0.0                 0.0                0.0                0.0
    SDP      4                 0.0                 0.0                0.0                0.0
    SFN      2                 0.0                 0.0                0.0                0.0
    SFP      4                 0.0                 0.0                0.0                0.0


Ray 2
Element  Count          Total_rotation    Total_abs_rotation      Mean_abs_rotation       Max_abs_rotation
----------------------------------------------------------------------------------------------------------
     BM     12        58.8833386704047      58.8833386704047      4.906944889200392      4.910577904867395
     QF     12  2.3670314855728236e-05   0.10357812420493051   0.008631510350410876    0.01305093004982183
    QF1      4    0.016319926224461767  0.046942951577740644   0.011735737894435161   0.015821132056736076
     QD     14  -0.0034036816473044995   0.04099984801314519   0.002928560572367514   0.004736356175618108
    QD1      2   0.0015359836504487134  0.005468407254745955  0.0027342036273729775  0.0035021954525973342
     O4     14                     0.0                   0.0                    0.0                    0.0
     O2     28                     0.0                   0.0                    0.0                    0.0
    OBM      4                     0.0                   0.0                    0.0                    0.0
    SDP      4                     0.0                   0.0                    0.0                    0.0
    SFN      2                     0.0                   0.0                    0.0                    0.0
    SFP      4                     0.0                   0.0                    0.0                    0.0


Ray 3
Element  Count          Total_rotation    Total_abs_rotation      Mean_abs_rotation      Max_abs_rotation
---------------------------------------------------------------------------------------------------------
     BM     12       58.88334423951023     58.88334423951023      4.906945353292519     4.912390821929938
     QF     12  4.6772030414032884e-05    0.1553685044742945   0.012947375372857875  0.019579894260358444
    QF1      4     0.02445802891398685   0.07042749566542383    0.01760687391635596  0.023728275010853395
     QD     14   -0.005109590344050373  0.061508319883335466  0.0043934514202382475  0.007106755370841711
    QD1      2   0.0023081634140211804  0.008199952538298305   0.004099976269149153  0.005254057976159743
     O4     14                     0.0                   0.0                    0.0                   0.0
     O2     28                     0.0                   0.0                    0.0                   0.0
    OBM      4                     0.0                   0.0                    0.0                   0.0
    SDP      4                     0.0                   0.0                    0.0                   0.0
    SFN      2                     0.0                   0.0                    0.0                   0.0
    SFP      4                     0.0                   0.0                    0.0                   0.0


Ray 4
Element  Count         Total_rotation    Total_abs_rotation     Mean_abs_rotation      Max_abs_rotation
-------------------------------------------------------------------------------------------------------
     BM     12      58.88333022681571     58.88333022681571     4.906944185567975     4.914203424170831
     QF     12   8.74883164785345e-05   0.20714481821725794  0.017262068184771495  0.026107400751484988
    QF1      4    0.03260031035021527   0.09392748129772954  0.023481870324432386   0.03163541704287809
     QD     14  -0.006829181604631472    0.0820203618108924  0.005858597272206599  0.009472711140588843
    QD1      2   0.003083949038725109  0.010929178584873966  0.005464589292436983  0.007006563811799538
     O4     14                    0.0                   0.0                   0.0                   0.0
     O2     28                    0.0                   0.0                   0.0                   0.0
    OBM      4                    0.0                   0.0                   0.0                   0.0
    SDP      4                    0.0                   0.0                   0.0                   0.0
    SFN      2                    0.0                   0.0                   0.0                   0.0
    SFP      4                    0.0                   0.0                   0.0                   0.0


Ray 5
Element  Count          Total_rotation    Total_abs_rotation     Mean_abs_rotation      Max_abs_rotation
--------------------------------------------------------------------------------------------------------
     BM     12       58.88333498105597     58.88333498105597     4.906944581754664     4.916021874092095
     QF     12  0.00013180034905602156    0.2589139976269159   0.02157616646890966   0.03263754152887266
    QF1      4    0.040724893672745566   0.11743536232971508   0.02935884058242877   0.03954746729186809
     QD     14   -0.008555380800883885   0.10254464301655167  0.007324617358325119  0.011840888865050001
    QD1      2     0.00385677120125294  0.013661368840015342  0.006830684420007671  0.008759070020634141
     O4     14                     0.0                   0.0                   0.0                   0.0
     O2     28                     0.0                   0.0                   0.0                   0.0
    OBM      4                     0.0                   0.0                   0.0                   0.0
    SDP      4                     0.0                   0.0                   0.0                   0.0
    SFN      2                     0.0                   0.0                   0.0                   0.0
    SFP      4                     0.0                   0.0                   0.0                   0.0


Ray 6
Element  Count         Total_rotation    Total_abs_rotation     Mean_abs_rotation      Max_abs_rotation
-------------------------------------------------------------------------------------------------------
     BM     12     58.883321512363786    58.883321512363786    4.9069434593636485     4.917834791964085
     QF     12  0.0002056010888313864    0.3106646789876226  0.025888723248968553   0.03916678491055059
    QF1      4    0.04883653521460829   0.14095026253420073   0.03523756563355018   0.04745461054623945
     QD     14  -0.010287912334508048   0.12306472171411925  0.008790337265294232  0.014210693990261092
    QD1      2   0.004634643727150944  0.016382875422856102  0.008191437711428051  0.010508759575003523
     O4     14                    0.0                   0.0                   0.0                   0.0
     O2     28                    0.0                   0.0                   0.0                   0.0
    OBM      4                    0.0                   0.0                   0.0                   0.0
    SDP      4                    0.0                   0.0                   0.0                   0.0
    SFN      2                    0.0                   0.0                   0.0                   0.0
    SFP      4                    0.0                   0.0                   0.0                   0.0


Ray 7
Element  Count         Total_rotation   Total_abs_rotation     Mean_abs_rotation      Max_abs_rotation
------------------------------------------------------------------------------------------------------
     BM     12     58.883335633308285   58.883335633308285     4.906944636109023    4.9196483252075875
     QF     12  0.0002699954497860091  0.36240722797687575  0.030200602331406312  0.045697209654559146
    QF1      4    0.05693819535212441  0.16447514324644175   0.04111878581161044  0.055361753370583244
     QD     14    -0.0120493715734044  0.14360563018263744  0.010257545013045532  0.016577244184508743
    QD1      2   0.005420470149271495  0.01910640615291115  0.009553203076455574  0.012263438151091322
     O4     14                    0.0                  0.0                   0.0                   0.0
     O2     28                    0.0                  0.0                   0.0                   0.0
    OBM      4                    0.0                  0.0                   0.0                   0.0
    SDP      4                    0.0                  0.0                   0.0                   0.0
    SFN      2                    0.0                  0.0                   0.0                   0.0
    SFP      4                    0.0                  0.0                   0.0                   0.0


Ray 8
Element  Count          Total_rotation   Total_abs_rotation     Mean_abs_rotation      Max_abs_rotation
-------------------------------------------------------------------------------------------------------
     BM     12       58.88335634887012    58.88335634887012     4.906946362405844    4.9214667832828844
     QF     12  0.00034301851224061153  0.41415877816703794   0.03451323151391983  0.052227063395507756
    QF1      4     0.06503719046311573  0.18800861942429492   0.04700215485607373   0.06327186174785027
     QD     14   -0.013810445942465558  0.16415860335024396  0.011725614525017426   0.01894665393917805
    QD1      2    0.006193353185551587  0.02182292380400952   0.01091146190200476  0.014008138494780553
     O4     14                     0.0                  0.0                   0.0                   0.0
     O2     28                     0.0                  0.0                   0.0                   0.0
    OBM      4                     0.0                  0.0                   0.0                   0.0
    SDP      4                     0.0                  0.0                   0.0                   0.0
    SFN      2                     0.0                  0.0                   0.0                   0.0
    SFP      4                     0.0                  0.0                   0.0                   0.0


Ray 9
Element  Count          Total_rotation    Total_abs_rotation     Mean_abs_rotation      Max_abs_rotation
--------------------------------------------------------------------------------------------------------
     BM     12       58.88333750604701     58.88333750604702     4.906944792170585     4.923281778174886
     QF     12  0.00043529082983173595    0.4658816357375164   0.03882346964479303   0.05875865888981657
    QF1      4     0.07312533698771517   0.21155683717515217   0.05288920929378804    0.0711790059243711
     QD     14   -0.015563982489163422   0.18470907372937145  0.013193505266383675  0.021314633893954493
    QD1      2    0.006986900285028241  0.024544368436863806  0.012272184218431903  0.015765634360946024
     O4     14                     0.0                   0.0                   0.0                   0.0
     O2     28                     0.0                   0.0                   0.0                   0.0
    OBM      4                     0.0                   0.0                   0.0                   0.0
    SDP      4                     0.0                   0.0                   0.0                   0.0
    SFN      2                     0.0                   0.0                   0.0                   0.0
    SFP      4                     0.0                   0.0                   0.0                   0.0


Ray 10
Element  Count          Total_rotation      Total_abs_rotation      Mean_abs_rotation       Max_abs_rotation
------------------------------------------------------------------------------------------------------------
     BM     12      58.987724700208794      58.987724700208794      4.915643725017399      4.920340647078447
     QF     12    -0.20233809094189503     0.20233809094189503   0.016861507578491253   0.041053519566034424
     QD     14      0.1053384811739555     0.10535392556342416  0.0075252803973874394   0.013428571867454053
    QF1      4  2.8383616012206403e-05  2.8383616012206403e-05  7.095904003051601e-06  7.865881158863886e-06
     O2     28                     0.0                     0.0                    0.0                    0.0
     O4     14                     0.0                     0.0                    0.0                    0.0
    OBM      4                     0.0                     0.0                    0.0                    0.0
    QD1      2                     0.0                     0.0                    0.0                    0.0
    SDP      4                     0.0                     0.0                    0.0                    0.0
    SFN      2                     0.0                     0.0                    0.0                    0.0
    SFP      4                     0.0                     0.0                    0.0                    0.0
