      Lattice  Optimization  Initial_spin_angle    Qx    Qy  Ray  Spin_rotation_per_turn_(deg)  Max_|dθ|_element  vector      x0   y0     d0
--------------------------------------------------------------------------------------------------------------------------------------------
ELECTROSTATIC            BC                   0  0.12  0.72  Ref         5.054120298458375e-05               185     Ref     nan  nan    nan
ELECTROSTATIC            BC                   0  0.12  0.72    2         -0.001800480337407072                 1       2   0.001  0.0    0.0
ELECTROSTATIC            BC                   0  0.12  0.72    3        -0.0027371660655766284                 1       3  0.0015  0.0    0.0
ELECTROSTATIC            BC                   0  0.12  0.72    4        -0.0036812973810407996                 1       4   0.002  0.0    0.0
ELECTROSTATIC            BC                   0  0.12  0.72    5           -0.0046328708463298                 1       5  0.0025  0.0    0.0
ELECTROSTATIC            BC                   0  0.12  0.72    6         -0.005591883596944033                 1       6   0.003  0.0    0.0
ELECTROSTATIC            BC                   0  0.12  0.72    7         -0.006558332768396551                 1       7  0.0035  0.0    0.0
ELECTROSTATIC            BC                   0  0.12  0.72    8         -0.007532212058466457                 1       8   0.004  0.0    0.0
ELECTROSTATIC            BC                   0  0.12  0.72    9          -0.00851352261339729                 1       9  0.0045  0.0    0.0
ELECTROSTATIC            BC                   0  0.12  0.72   10           -0.2874586008367101               486      10     0.0  0.0  0.001


================================================================================
Contribution of element types to spin rotation
================================================================================


Ray 1
Element  Count         Total_rotation     Total_abs_rotation       Mean_abs_rotation       Max_abs_rotation
-----------------------------------------------------------------------------------------------------------
     R1     50  5.054120298458375e-05  5.054120298458375e-05  1.0108240596916749e-06  1.010829330903558e-06
    BPM     35                    0.0                    0.0                     0.0                    0.0
    Lds     10                    0.0                    0.0                     0.0                    0.0
     Lf     50                    0.0                    0.0                     0.0                    0.0
    Lfs     10                    0.0                    0.0                     0.0                    0.0
     Ld     50                    0.0                    0.0                     0.0                    0.0
    OD1    120                    0.0                    0.0                     0.0                    0.0
    OD2    120                    0.0                    0.0                     0.0                    0.0
   OSDP     30                    0.0                    0.0                     0.0                    0.0
    OR1     10                    0.0                    0.0                     0.0                    0.0
   OSFP     30                    0.0                    0.0                     0.0                    0.0
    SDP     10                    0.0                    0.0                     0.0                    0.0
    SFN      5                    0.0                    0.0                     0.0                    0.0
    SFP     10                    0.0                    0.0                     0.0                    0.0


Ray 2
Element  Count           Total_rotation      Total_abs_rotation       Mean_abs_rotation        Max_abs_rotation
---------------------------------------------------------------------------------------------------------------
     Ld     50    5.032775312705743e-05      0.1448458178966166    0.002896916357932332   0.0049667894851432495
     Lf     50   -2.905726803783832e-05     0.07477497911814614   0.0014954995823629228    0.002573163193413776
    Lds     10    -0.004452047191146119     0.03479872556113575    0.003479872556113575    0.005377725699442264
    Lfs     10    0.0026017794007145174    0.016587293873059922   0.0016587293873059922    0.002422215746131204
     R1     50     5.06169821828606e-05  0.00018416164072042134   3.683232814408427e-06   7.234738022409738e-06
    SFN      5  -2.8342503161991233e-05  2.8342503161991233e-05   5.668500632398247e-06  1.0206097157396728e-05
    SDP     10    2.247323813594625e-05   2.247323813594625e-05   2.247323813594625e-06   4.543555304260122e-06
    SFP     10  -1.6230748332530815e-05  1.6230748332530815e-05  1.6230748332530814e-06  3.5340036550757237e-06
    OD1    120                      0.0                     0.0                     0.0                     0.0
    BPM     35                      0.0                     0.0                     0.0                     0.0
   OSFP     30                      0.0                     0.0                     0.0                     0.0
   OSDP     30                      0.0                     0.0                     0.0                     0.0
    OR1     10                      0.0                     0.0                     0.0                     0.0
    OD2    120                      0.0                     0.0                     0.0                     0.0


Ray 3
Element  Count          Total_rotation      Total_abs_rotation       Mean_abs_rotation        Max_abs_rotation
--------------------------------------------------------------------------------------------------------------
     Ld     50  0.00010850823633552862     0.21724884396143096    0.004344976879228619     0.00744950221173898
     Lf     50  -6.334460944772916e-05     0.11214860592654599   0.0022429721185309196    0.003859270085797284
    Lds     10   -0.006689602014452309     0.05219400941368146    0.005219400941368146    0.008066586800680571
    Lfs     10    0.003906277498313399    0.024878536723358914   0.0024878536723358913    0.003632958583726559
     R1     50   5.068745574269285e-05  0.00027318862324127787  5.4637724648255574e-06  1.0347617598906005e-05
    SFN      5  -6.375014861960925e-05   6.375014861960925e-05  1.2750029723921849e-05  2.2958418608974747e-05
    SDP     10   5.055894148437183e-05   5.055894148437183e-05   5.055894148437183e-06  1.0225004755615164e-05
    SFP     10  -3.650142180957228e-05   3.650142180957228e-05   3.650142180957228e-06   7.946924489615932e-06
    OD1    120                     0.0                     0.0                     0.0                     0.0
    BPM     35                     0.0                     0.0                     0.0                     0.0
   OSFP     30                     0.0                     0.0                     0.0                     0.0
   OSDP     30                     0.0                     0.0                     0.0                     0.0
    OR1     10                     0.0                     0.0                     0.0                     0.0
    OD2    120                     0.0                     0.0                     0.0                     0.0


Ray 4
Element  Count           Total_rotation      Total_abs_rotation      Mean_abs_rotation        Max_abs_rotation
--------------------------------------------------------------------------------------------------------------
     Ld     50   0.00018869367871960068      0.2896386925629658   0.005792773851259317    0.009931769091051675
     Lf     50  -0.00011078648894732694     0.14951304573686652  0.0029902609147373304     0.00514506069509558
    Lds     10    -0.008934858758161995      0.0695865747386246   0.006958657473862461    0.010755449012303115
    Lfs     10     0.005213193643652069    0.033168179470910025  0.0033168179470910025     0.00484346031569512
     R1     50    5.081064132044641e-05  0.00036218569564590763  7.243713912918153e-06  1.3453048612993915e-05
    SFN      5  -0.00011330870508035771  0.00011330870508035771  2.266174101607154e-05  4.0806053399271985e-05
    SDP     10    8.984894873722681e-05   8.984894873722681e-05   8.98489487372268e-06    1.81805236194486e-05
    SFP     10   -6.489033368196982e-05   6.489033368196982e-05  6.489033368196982e-06  1.4134868396705955e-05
    OD1    120                      0.0                     0.0                    0.0                     0.0
    BPM     35                      0.0                     0.0                    0.0                     0.0
   OSFP     30                      0.0                     0.0                    0.0                     0.0
   OSDP     30                      0.0                     0.0                    0.0                     0.0
    OR1     10                      0.0                     0.0                    0.0                     0.0
    OD2    120                      0.0                     0.0                    0.0                     0.0


Ray 5
Element  Count           Total_rotation      Total_abs_rotation       Mean_abs_rotation        Max_abs_rotation
---------------------------------------------------------------------------------------------------------------
     Ld     50    0.0002908201950567405      0.3620153908198665     0.00724030781639733    0.012413583352887714
     Lf     50   -0.0001713721923170099     0.18686830660215736   0.0037373661320431475    0.006430539028706038
    Lds     10     -0.01118778900107829     0.08697644760123184    0.008697644760123184    0.013444311176550532
    Lfs     10     0.006522497926264713    0.041456232962709776   0.0041456232962709776    0.006053724779086105
     R1     50    5.097141283095689e-05  0.00045118471381899754    9.02369427637995e-06  1.6564209058692395e-05
    SFN      5   -0.0001769981185457811   0.0001769981185457811   3.539962370915622e-05   6.374155281842556e-05
    SDP     10    0.0001403666362888202   0.0001403666362888202   1.403666362888202e-05  2.8407247048505176e-05
    SFP     10  -0.00010136768968473531  0.00010136768968473531  1.0136768968473531e-05  2.2081792422327592e-05
    OD1    120                      0.0                     0.0                     0.0                     0.0
    BPM     35                      0.0                     0.0                     0.0                     0.0
   OSFP     30                      0.0                     0.0                     0.0                     0.0
   OSDP     30                      0.0                     0.0                     0.0                     0.0
    OR1     10                      0.0                     0.0                     0.0                     0.0
    OD2    120                      0.0                     0.0                     0.0                     0.0


Ray 6
Element  Count           Total_rotation      Total_abs_rotation       Mean_abs_rotation        Max_abs_rotation
---------------------------------------------------------------------------------------------------------------
     Ld     50   0.00041491958395270014      0.4343789569130628    0.008687579138261256    0.014894956504540308
     Lf     50  -0.00024508922919549113     0.22421440889426236    0.004484288177885248    0.007715703937472941
    Lds     10    -0.013448430326717487     0.10436362931525699    0.010436362931525698    0.016133179011156542
    Lfs     10     0.007834243228048227     0.04974271268678664    0.004974271268678664     0.00726374286205616
     R1     50    5.114341421705025e-05   0.0005402178774199838  1.0804357548399678e-05   1.967536932349391e-05
    SFN      5   -0.0002548103669942894   0.0002548103669942894   5.096207339885788e-05   9.176491653115591e-05
    SDP     10   0.00020209309616869603  0.00020209309616869603  2.0209309616869604e-05  4.0920644827987726e-05
    SFP     10   -0.0001459529697917278   0.0001459529697917278   1.459529697917278e-05   3.179342596865142e-05
    OD1    120                      0.0                     0.0                     0.0                     0.0
    BPM     35                      0.0                     0.0                     0.0                     0.0
   OSFP     30                      0.0                     0.0                     0.0                     0.0
   OSDP     30                      0.0                     0.0                     0.0                     0.0
    OR1     10                      0.0                     0.0                     0.0                     0.0
    OD2    120                      0.0                     0.0                     0.0                     0.0


Ray 7
Element  Count           Total_rotation      Total_abs_rotation       Mean_abs_rotation        Max_abs_rotation
---------------------------------------------------------------------------------------------------------------
     Ld     50    0.0005609311304485796      0.5067294388065036    0.010134588776130072    0.017375888766167042
     Lf     50   -0.0003319468415425046     0.26155140643784464    0.005231028128756893    0.009000558283011464
    Lds     10     -0.01571677260407454     0.12174812518110188    0.012174812518110189    0.018822042927326366
    Lfs     10     0.009148426866844639     0.05802763026810971    0.005802763026810971    0.008473531178519397
     R1     50    5.133013934303335e-05   0.0006294812026281079  1.2589624052562156e-05  2.2780799795663748e-05
    SFN      5  -0.00034673112573147934  0.00034673112573147934   6.934622514629586e-05  0.00012486468496899876
    SDP     10   0.00027501973553592605  0.00027501973553592605  2.7501973553592604e-05   5.570868475261899e-05
    SFP     10  -0.00019859002625617454  0.00019859002625617454  1.9859002625617454e-05  4.3258309665124284e-05
    OD1    120                      0.0                     0.0                     0.0                     0.0
    BPM     35                      0.0                     0.0                     0.0                     0.0
   OSFP     30                      0.0                     0.0                     0.0                     0.0
   OSDP     30                      0.0                     0.0                     0.0                     0.0
    OR1     10                      0.0                     0.0                     0.0                     0.0
    OD2    120                      0.0                     0.0                     0.0                     0.0


Ray 8
Element  Count           Total_rotation      Total_abs_rotation       Mean_abs_rotation        Max_abs_rotation
---------------------------------------------------------------------------------------------------------------
     Ld     50     0.000728845750128642      0.5790669387972217    0.011581338775944434      0.0198563821883325
     Lf     50   -0.0004318980212622732      0.2988792933764343    0.005977585867528687    0.010285100343340561
    Lds     10    -0.017992805634680687     0.13912995254368793    0.013912995254368793     0.02151090514727171
    Lfs     10     0.010465002551986968     0.06631098267035965    0.006631098267035965    0.009683082851073143
     R1     50   5.1586482292104315e-05   0.0007187648687490164  1.4375297374980328e-05  2.5886232607564424e-05
    SFN      5  -0.00045276268570057683  0.00045276268570057683   9.055253714011537e-05   0.0001630523167951807
    SDP     10    0.0003591379588860793   0.0003591379588860793   3.591379588860793e-05   7.277136671403339e-05
    SFP     10  -0.00025931839502998846  0.00025931839502998846  2.5931839502998845e-05   5.649363763790549e-05
    OD1    120                      0.0                     0.0                     0.0                     0.0
    BPM     35                      0.0                     0.0                     0.0                     0.0
   OSFP     30                      0.0                     0.0                     0.0                     0.0
   OSDP     30                      0.0                     0.0                     0.0                     0.0
    OR1     10                      0.0                     0.0                     0.0                     0.0
    OD2    120                      0.0                     0.0                     0.0                     0.0


Ray 9
Element  Count          Total_rotation     Total_abs_rotation       Mean_abs_rotation        Max_abs_rotation
-------------------------------------------------------------------------------------------------------------
     Ld     50   0.0009186736183279115     0.6513914313732936    0.013027828627465871    0.022336438963856793
     Lf     50   -0.000544931855365749     0.3361981254994529    0.006723962509989058    0.011569333553164484
    Lds     10   -0.020276528054996783    0.15650910911337662    0.015650910911337662    0.024199767272466765
    Lfs     10    0.011783994697318311    0.07459280051621421    0.007459280051621421    0.010892395012971234
     R1     50   5.184093262478967e-05  0.0008080260142668148  1.6160520285336296e-05  2.8997392436523606e-05
    SFN      5  -0.0005728775439030297  0.0005728775439030297  0.00011457550878060594  0.00020631062270478132
    SDP     10   0.0004544449033801307  0.0004544449033801307   4.544449033801307e-05   9.211442016486375e-05
    SFP     10  -0.0003281392167991644  0.0003281392167991644   3.281392167991644e-05   7.149367021411224e-05
    OD1    120                     0.0                    0.0                     0.0                     0.0
    BPM     35                     0.0                    0.0                     0.0                     0.0
   OSFP     30                     0.0                    0.0                     0.0                     0.0
   OSDP     30                     0.0                    0.0                     0.0                     0.0
    OR1     10                     0.0                    0.0                     0.0                     0.0
    OD2    120                     0.0                    0.0                     0.0                     0.0


Ray 10
Element  Count          Total_rotation      Total_abs_rotation       Mean_abs_rotation        Max_abs_rotation
--------------------------------------------------------------------------------------------------------------
     Ld     50      -0.650872069033401      0.6508720690334009    0.013017441380668017    0.026968335629616924
     Lf     50     0.35793987931372756     0.35796634970138763    0.007159326994027753    0.013136530195732748
     R1     50    0.007119733795045679    0.007119733795045678  0.00014239467590091356  0.00015832995794148874
    SFN      5  -0.0022252735295741942   0.0022252735295741942  0.00044505470591483886  0.00044638777419953035
    SDP     10   0.0013922519091605495   0.0013922519091605495  0.00013922519091605495  0.00015068670084619762
    Lds     10  -0.0005711225622629448   0.0005711225622629448  5.7112256226294486e-05    0.000122154353732154
    SFP     10   -0.000434059833115087    0.000434059833115087    4.34059833115087e-05  4.6351996614540925e-05
    Lfs     10  0.00019205496864264926  0.00021508764303716787  2.1508764303716787e-05  4.7956348813354976e-05
    OD1    120                     0.0                     0.0                     0.0                     0.0
    BPM     35                     0.0                     0.0                     0.0                     0.0
   OSFP     30                     0.0                     0.0                     0.0                     0.0
   OSDP     30                     0.0                     0.0                     0.0                     0.0
    OR1     10                     0.0                     0.0                     0.0                     0.0
    OD2    120                     0.0                     0.0                     0.0                     0.0
