      Lattice  Optimization  Initial_spin_angle    Qx    Qy  Ray  Spin_rotation_per_turn_(deg)  Max_|dθ|_element  vector      x0   y0     d0
--------------------------------------------------------------------------------------------------------------------------------------------
ELECTROSTATIC            SC                   0  0.12  0.72  Ref         5.054120298458375e-05               185     Ref     nan  nan    nan
ELECTROSTATIC            SC                   0  0.12  0.72    2        -0.0017817755572180956                 1       2   0.001  0.0    0.0
ELECTROSTATIC            SC                   0  0.12  0.72    3        -0.0026950886180127443                 1       3  0.0015  0.0    0.0
ELECTROSTATIC            SC                   0  0.12  0.72    4         -0.003606509199891127                 1       4   0.002  0.0    0.0
ELECTROSTATIC            SC                   0  0.12  0.72    5         -0.004516039021952285                 1       5  0.0025  0.0    0.0
ELECTROSTATIC            SC                   0  0.12  0.72    6         -0.005423680949208061                 1       6   0.003  0.0    0.0
ELECTROSTATIC            SC                   0  0.12  0.72    7         -0.006329436127794016                 1       7  0.0035  0.0    0.0
ELECTROSTATIC            SC                   0  0.12  0.72    8         -0.007233311433420916                 1       8   0.004  0.0    0.0
ELECTROSTATIC            SC                   0  0.12  0.72    9          -0.00813530743926097                 1       9  0.0045  0.0    0.0
ELECTROSTATIC            SC                   0  0.12  0.72   10            -0.286165476187212               270      10     0.0  0.0  0.001


================================================================================
Contribution of element types to spin rotation
================================================================================


Ray 1
Element  Count         Total_rotation     Total_abs_rotation       Mean_abs_rotation       Max_abs_rotation
-----------------------------------------------------------------------------------------------------------
     R1     50  5.054120298458375e-05  5.054120298458375e-05  1.0108240596916749e-06  1.010829330903558e-06
    BPM     35                    0.0                    0.0                     0.0                    0.0
    Lds     10                    0.0                    0.0                     0.0                    0.0
     Lf     50                    0.0                    0.0                     0.0                    0.0
    Lfs     10                    0.0                    0.0                     0.0                    0.0
     Ld     50                    0.0                    0.0                     0.0                    0.0
    OD1    120                    0.0                    0.0                     0.0                    0.0
    OD2    120                    0.0                    0.0                     0.0                    0.0
   OSDP     30                    0.0                    0.0                     0.0                    0.0
    OR1     10                    0.0                    0.0                     0.0                    0.0
   OSFP     30                    0.0                    0.0                     0.0                    0.0
    SDP     10                    0.0                    0.0                     0.0                    0.0
    SFN      5                    0.0                    0.0                     0.0                    0.0
    SFP     10                    0.0                    0.0                     0.0                    0.0


Ray 2
Element  Count          Total_rotation      Total_abs_rotation       Mean_abs_rotation        Max_abs_rotation
--------------------------------------------------------------------------------------------------------------
     Ld     50  3.2205956935395935e-06     0.14488576938375514    0.002897715387675103    0.004968171401936211
     Lf     50  -2.349585242184156e-06     0.07480161048271575    0.001496032209654315     0.00257387996355706
    Lds     10   -0.004432669128283685     0.03480663873829252   0.0034806638738292517    0.005377725699442264
    Lfs     10   0.0025958003569679345    0.016591890598782483   0.0016591890598782483   0.0024229342352411675
     R1     50   5.054719592314464e-05  0.00018422271802015467  3.6844543604030933e-06  7.2370298532494284e-06
    SFN      5   7.996198963568409e-06   7.996198963568409e-06  1.5992397927136818e-06  2.8796858650985586e-06
    SDP     10  -2.382301210643713e-06   2.382301210643713e-06  2.3823012106437127e-07   4.812845467313219e-07
    SFP     10   -1.93888916820862e-06    1.93888916820862e-06    1.93888916820862e-07   4.222698920027662e-07
    OD1    120                     0.0                     0.0                     0.0                     0.0
    BPM     35                     0.0                     0.0                     0.0                     0.0
   OSFP     30                     0.0                     0.0                     0.0                     0.0
   OSDP     30                     0.0                     0.0                     0.0                     0.0
    OR1     10                     0.0                     0.0                     0.0                     0.0
    OD2    120                     0.0                     0.0                     0.0                     0.0


Ray 3
Element  Count           Total_rotation      Total_abs_rotation       Mean_abs_rotation        Max_abs_rotation
---------------------------------------------------------------------------------------------------------------
     Ld     50    2.532988966438658e-06      0.2173386690163308   0.0043467733803266165    0.007452606954870018
     Lf     50  -3.2678645797098484e-06     0.11220848499974735    0.002244169699994947   0.0038608823887387803
    Lds     10    -0.006646011385518803     0.05221177454184033    0.005221177454184033    0.008066586800680571
    Lfs     10     0.003892827027742387    0.024888873168082446   0.0024888873168082445   0.0036345736946335958
     R1     50    5.055722243444663e-05   0.0002733131269643127   5.466262539286254e-06  1.0353347175202053e-05
    SFN      5   1.7993739427817155e-05  1.7993739427817155e-05   3.598747885563431e-06   6.480152595478468e-06
    SDP     10  -5.3670102294366465e-06  5.3670102294366465e-06   5.367010229436647e-07  1.0834631846319553e-06
    SFP     10  -4.3533332743160395e-06  4.3533332743160395e-06  4.3533332743160396e-07   9.453803467319999e-07
    OD1    120                      0.0                     0.0                     0.0                     0.0
    BPM     35                      0.0                     0.0                     0.0                     0.0
   OSFP     30                      0.0                     0.0                     0.0                     0.0
   OSDP     30                      0.0                     0.0                     0.0                     0.0
    OR1     10                      0.0                     0.0                     0.0                     0.0
    OD2    120                      0.0                     0.0                     0.0                     0.0


Ray 4
Element  Count          Total_rotation      Total_abs_rotation      Mean_abs_rotation        Max_abs_rotation
-------------------------------------------------------------------------------------------------------------
     Ld     50   3.512229032722261e-07     0.28979827413582343  0.0057959654827164685     0.00993727676065648
     Lf     50  -4.026403213376606e-06      0.1496193869866228  0.0029923877397324563   0.0051479249101876795
    Lds     10   -0.008857376300818509     0.06961812316604322   0.006961812316604322    0.010755449012303115
    Lfs     10    0.005189288469815715     0.03318653497482968   0.003318653497482968    0.004846326824111094
     R1     50   5.055344056257877e-05   0.0003624040498438043  7.248080996876086e-06  1.3464507763757613e-05
    SFN      5  3.1988806254143465e-05  3.1988806254143465e-05  6.397761250828693e-06  1.1522181046186644e-05
    SDP     10  -9.533444661397159e-06   9.533444661397159e-06  9.533444661397158e-07   1.925711130610838e-06
    SFP     10  -7.754983588813703e-06   7.754983588813703e-06  7.754983588813703e-07  1.6902254471162087e-06
    OD1    120                     0.0                     0.0                    0.0                     0.0
    BPM     35                     0.0                     0.0                    0.0                     0.0
   OSFP     30                     0.0                     0.0                    0.0                     0.0
   OSDP     30                     0.0                     0.0                    0.0                     0.0
    OR1     10                     0.0                     0.0                    0.0                     0.0
    OD2    120                     0.0                     0.0                    0.0                     0.0


Ray 5
Element  Count           Total_rotation      Total_abs_rotation       Mean_abs_rotation        Max_abs_rotation
---------------------------------------------------------------------------------------------------------------
     Ld     50  -3.3999891098507318e-06     0.36226451107531715    0.007245290221506343    0.012422181095900802
     Lf     50   -4.582630363550791e-06      0.1870343401943337   0.0037406868038866743    0.006435010962043157
    Lds     10    -0.011066752641857565     0.08702564306590577    0.008702564306590577    0.013444311176550532
    Lfs     10    0.0064851575230797445     0.04148490565865651    0.004148490565865651     0.00605819385127789
     R1     50      5.0556820562981e-05  0.00045153444721294454   9.030688944258891e-06  1.6575668202560567e-05
    SFN      5    4.999572325374915e-05   4.999572325374915e-05    9.99914465074983e-06  1.8008062977782624e-05
    SDP     10  -1.4895183575933438e-05  1.4895183575933438e-05   1.489518357593344e-06   3.008028378517942e-06
    SFP     10  -1.2118629913806644e-05  1.2118629913806644e-05  1.2118629913806643e-06   2.641335316940288e-06
    OD1    120                      0.0                     0.0                     0.0                     0.0
    BPM     35                      0.0                     0.0                     0.0                     0.0
   OSFP     30                      0.0                     0.0                     0.0                     0.0
   OSDP     30                      0.0                     0.0                     0.0                     0.0
    OR1     10                      0.0                     0.0                     0.0                     0.0
    OD2    120                      0.0                     0.0                     0.0                     0.0


Ray 6
Element  Count           Total_rotation      Total_abs_rotation       Mean_abs_rotation        Max_abs_rotation
---------------------------------------------------------------------------------------------------------------
     Ld     50   -8.647193831460079e-06        0.43473743622913    0.008694748724582601    0.014907316799431596
     Lf     50   -4.976137393399027e-06      0.2244533137136017    0.004489066274272034    0.007722133665187248
    Lds     10    -0.013274170257403965     0.10443436162317228    0.010443436162317228    0.016133179011156542
    Lfs     10      0.00778047389161133      0.0497839926856975   0.0049783992685697494   0.0072701725973239794
     R1     50   5.0577962153025384e-05   0.0005407318777689686  1.0814637555379372e-05  1.9692558032620086e-05
    SFN      5    7.198756123940556e-05   7.198756123940556e-05  1.4397512247881112e-05  2.5926339144116337e-05
    SDP     10   -2.145956079377062e-05   2.145956079377062e-05  2.1459560793770617e-06   4.337290413833697e-06
    SFP     10  -1.7467190489174524e-05  1.7467190489174524e-05  1.7467190489174525e-06  3.8044395134929215e-06
    OD1    120                      0.0                     0.0                     0.0                     0.0
    BPM     35                      0.0                     0.0                     0.0                     0.0
   OSFP     30                      0.0                     0.0                     0.0                     0.0
   OSDP     30                      0.0                     0.0                     0.0                     0.0
    OR1     10                      0.0                     0.0                     0.0                     0.0
    OD2    120                      0.0                     0.0                     0.0                     0.0


Ray 7
Element  Count           Total_rotation      Total_abs_rotation       Mean_abs_rotation        Max_abs_rotation
---------------------------------------------------------------------------------------------------------------
     Ld     50  -1.5440821355223663e-05       0.507216975879947     0.01014433951759894     0.01739268632503345
     Lf     50   -5.219632952501059e-06     0.26187632913239756    0.005237526582647951    0.009009291870062764
    Lds     10    -0.015479603626826516     0.12184424341323881    0.012184424341323882    0.018822042927326366
    Lfs     10     0.009075222367298888     0.05808377440455927    0.005808377440455927    0.008482268790265127
     R1     50    5.059692677264916e-05   0.0006302090292068901  1.2604180584137802e-05  2.2809447639483144e-05
    SFN      5    9.799869746800628e-05   9.799869746800628e-05  1.9599739493601255e-05   3.529992774544896e-05
    SDP     10    -2.92076686607592e-05    2.92076686607592e-05  2.9207668660759203e-06   5.901465113398313e-06
    SFP     10  -2.3782330917882042e-05  2.3782330917882042e-05   2.378233091788204e-06   5.179538011632762e-06
    OD1    120                      0.0                     0.0                     0.0                     0.0
    BPM     35                      0.0                     0.0                     0.0                     0.0
   OSFP     30                      0.0                     0.0                     0.0                     0.0
   OSDP     30                      0.0                     0.0                     0.0                     0.0
    OR1     10                      0.0                     0.0                     0.0                     0.0
    OD2    120                      0.0                     0.0                     0.0                     0.0


Ray 8
Element  Count           Total_rotation      Total_abs_rotation       Mean_abs_rotation        Max_abs_rotation
---------------------------------------------------------------------------------------------------------------
     Ld     50  -2.3758354863396072e-05      0.5797031718314245     0.01159406343662849    0.019878288593963643
     Lf     50   -5.262238546889508e-06      0.2993033705268924    0.005986067410537848     0.01029649760512399
    Lds     10     -0.01768308700718274     0.13925528188741568    0.013925528188741567     0.02151090514727171
    Lfs     10     0.010369410281475802     0.06638427655227463    0.006638427655227463    0.009694473834180803
     R1     50     5.05815701955588e-05   0.0007197103075255494  1.4394206150510989e-05  2.5926339579020186e-05
    SFN      5   0.00012801022408516494  0.00012801022408516494   2.560204481703299e-05   4.611163991797597e-05
    SDP     10   -3.815325867251936e-05   3.815325867251936e-05   3.815325867251936e-06   7.706282043650273e-06
    SFP     10  -3.1052592270241694e-05  3.1052592270241694e-05  3.1052592270241694e-06   6.760901880478037e-06
    OD1    120                      0.0                     0.0                     0.0                     0.0
    BPM     35                      0.0                     0.0                     0.0                     0.0
   OSFP     30                      0.0                     0.0                     0.0                     0.0
   OSDP     30                      0.0                     0.0                     0.0                     0.0
    OR1     10                      0.0                     0.0                     0.0                     0.0
    OD2    120                      0.0                     0.0                     0.0                     0.0


Ray 9
Element  Count           Total_rotation      Total_abs_rotation       Mean_abs_rotation       Max_abs_rotation
--------------------------------------------------------------------------------------------------------------
     Ld     50  -3.3613309953006015e-05      0.6521960013298117    0.013043920026596234    0.02236412220552189
     Lf     50  -5.1420069292658355e-06      0.3367344041562361    0.006734688083124722   0.011583738261624163
    Lds     10    -0.019884628928311766     0.15666748207628195    0.015666748207628194   0.024199767272466765
    Lfs     10     0.011663052464898169     0.07468549475825786    0.007468549475825786   0.010906796321891963
     R1     50    5.056340852556938e-05   0.0008092179379819488  1.6184358759638977e-05  2.904322894082753e-05
    SFN      5    0.0001620324540449452   0.0001620324540449452   3.240649080898904e-05  5.836720508884882e-05
    SDP     10  -4.8280287583820193e-05  4.8280287583820193e-05   4.828028758382019e-06   9.75174119141782e-06
    SFP     10   -3.929115194562828e-05   3.929115194562828e-05   3.929115194562828e-06  8.554259490575755e-06
    OD1    120                      0.0                     0.0                     0.0                    0.0
    BPM     35                      0.0                     0.0                     0.0                    0.0
   OSFP     30                      0.0                     0.0                     0.0                    0.0
   OSDP     30                      0.0                     0.0                     0.0                    0.0
    OR1     10                      0.0                     0.0                     0.0                    0.0
    OD2    120                      0.0                     0.0                     0.0                    0.0


Ray 10
Element  Count           Total_rotation      Total_abs_rotation       Mean_abs_rotation        Max_abs_rotation
---------------------------------------------------------------------------------------------------------------
     Ld     50        -0.65423904699049      0.6542390469904901    0.013084780939809802    0.027105273524861515
     Lf     50      0.35980135160906146     0.36044113728855065    0.007208822745771013    0.013237521809276842
     R1     50     0.007115470761109047    0.007115470761109046  0.00014230941522218093    0.000158422120446422
    Lds     10    0.0010974170771050965   0.0010974170771050965  0.00010974170771050964  0.00023284958614294693
    SFN      5    0.0006311278452775905   0.0006311278452775905   0.0001262255690555181  0.00012715067205186503
    Lfs     10  -0.00036980894647924145  0.00041438461515956593  4.1438461515956594e-05   9.241790951909634e-05
    SDP     10  -0.00014924906281736303  0.00014924906281736303  1.4924906281736302e-05  1.6214673688855208e-05
    SFP     10   -5.274631004633344e-05   5.274631004633344e-05   5.274631004633344e-06  5.6722755103627565e-06
    OD1    120                      0.0                     0.0                     0.0                     0.0
    BPM     35                      0.0                     0.0                     0.0                     0.0
   OSFP     30                      0.0                     0.0                     0.0                     0.0
   OSDP     30                      0.0                     0.0                     0.0                     0.0
    OR1     10                      0.0                     0.0                     0.0                     0.0
    OD2    120                      0.0                     0.0                     0.0                     0.0
