# number of spin vectors:      11
# iteration   EID vector   S_X            S_Y            S_Z
         0     0      0  0.0000000E+00  0.0000000E+00  0.0000000E+00
         0     0      1  0.0000000E+00  0.0000000E+00  0.1000000E+01
         0     0      2  0.0000000E+00  0.0000000E+00  0.1000000E+01
         0     0      3  0.0000000E+00  0.0000000E+00  0.1000000E+01
         0     0      4  0.0000000E+00  0.0000000E+00  0.1000000E+01
         0     0      5  0.0000000E+00  0.0000000E+00  0.1000000E+01
         0     0      6  0.0000000E+00  0.0000000E+00  0.1000000E+01
         0     0      7  0.0000000E+00  0.0000000E+00  0.1000000E+01
         0     0      8  0.0000000E+00  0.0000000E+00  0.1000000E+01
         0     0      9  0.0000000E+00  0.0000000E+00  0.1000000E+01
         0     0     10  0.0000000E+00  0.0000000E+00  0.1000000E+01

         1     1      0  0.0000000E+00  0.0000000E+00  0.0000000E+00
         1     1      1  0.0000000E+00  0.0000000E+00  0.1000000E+01
         1     1      2  0.8266501E-04  0.0000000E+00  0.1000000E+01
         1     1      3  0.1239975E-03  0.0000000E+00  0.1000000E+01
         1     1      4  0.1653300E-03  0.0000000E+00  0.1000000E+01
         1     1      5  0.2066625E-03  0.0000000E+00  0.1000000E+01
         1     1      6  0.2479950E-03  0.0000000E+00  0.1000000E+01
         1     1      7  0.2893275E-03  0.0000000E+00  0.1000000E+01
         1     1      8  0.3306600E-03  0.0000000E+00  0.9999999E+00
         1     1      9  0.3719925E-03  0.0000000E+00  0.9999999E+00
         1     1     10  0.0000000E+00  0.0000000E+00  0.1000000E+01

         1     2      0  0.0000000E+00  0.0000000E+00  0.0000000E+00
         1     2      1  0.0000000E+00  0.0000000E+00  0.1000000E+01
         1     2      2  0.8266501E-04  0.0000000E+00  0.1000000E+01
         1     2      3  0.1239975E-03  0.0000000E+00  0.1000000E+01
         1     2      4  0.1653300E-03  0.0000000E+00  0.1000000E+01
         1     2      5  0.2066625E-03  0.0000000E+00  0.1000000E+01
         1     2      6  0.2479950E-03  0.0000000E+00  0.1000000E+01
         1     2      7  0.2893275E-03  0.0000000E+00  0.1000000E+01
         1     2      8  0.3306600E-03  0.0000000E+00  0.9999999E+00
         1     2      9  0.3719925E-03  0.0000000E+00  0.9999999E+00
         1     2     10  0.0000000E+00  0.0000000E+00  0.1000000E+01

         1     3      0  0.0000000E+00  0.0000000E+00  0.0000000E+00
         1     3      1  0.8553769E-01  0.0000000E+00  0.9963349E+00
         1     3      2  0.8557604E-01  0.0000000E+00  0.9963316E+00
         1     3      3  0.8559521E-01  0.0000000E+00  0.9963300E+00
         1     3      4  0.8561438E-01  0.0000000E+00  0.9963283E+00
         1     3      5  0.8563355E-01  0.0000000E+00  0.9963267E+00
         1     3      6  0.8565272E-01  0.0000000E+00  0.9963251E+00
         1     3      7  0.8567189E-01  0.0000000E+00  0.9963234E+00
         1     3      8  0.8569105E-01  0.0000000E+00  0.9963218E+00
         1     3      9  0.8571022E-01  0.0000000E+00  0.9963201E+00
         1     3     10  0.8577058E-01  0.0000000E+00  0.9963149E+00

         1     4      0  0.0000000E+00  0.0000000E+00  0.0000000E+00
         1     4      1  0.8553769E-01  0.0000000E+00  0.9963349E+00
         1     4      2  0.8557604E-01  0.0000000E+00  0.9963316E+00
         1     4      3  0.8559521E-01  0.0000000E+00  0.9963300E+00
         1     4      4  0.8561438E-01  0.0000000E+00  0.9963283E+00
         1     4      5  0.8563355E-01  0.0000000E+00  0.9963267E+00
         1     4      6  0.8565272E-01  0.0000000E+00  0.9963251E+00
         1     4      7  0.8567189E-01  0.0000000E+00  0.9963234E+00
         1     4      8  0.8569105E-01  0.0000000E+00  0.9963218E+00
         1     4      9  0.8571022E-01  0.0000000E+00  0.9963201E+00
         1     4     10  0.8577058E-01  0.0000000E+00  0.9963149E+00

         1     5      0  0.0000000E+00  0.0000000E+00  0.0000000E+00
         1     5      1  0.8553769E-01  0.0000000E+00  0.9963349E+00
         1     5      2  0.8557604E-01  0.0000000E+00  0.9963316E+00
         1     5      3  0.8559521E-01  0.0000000E+00  0.9963300E+00
         1     5      4  0.8561438E-01  0.0000000E+00  0.9963283E+00
         1     5      5  0.8563355E-01  0.0000000E+00  0.9963267E+00
         1     5      6  0.8565272E-01  0.0000000E+00  0.9963251E+00
         1     5      7  0.8567189E-01  0.0000000E+00  0.9963234E+00
         1     5      8  0.8569105E-01  0.0000000E+00  0.9963218E+00
         1     5      9  0.8571022E-01  0.0000000E+00  0.9963201E+00
         1     5     10  0.8577058E-01  0.0000000E+00  0.9963149E+00

         1     6      0  0.0000000E+00  0.0000000E+00  0.0000000E+00
         1     6      1  0.8553769E-01  0.0000000E+00  0.9963349E+00
         1     6      2  0.8557604E-01  0.0000000E+00  0.9963316E+00
         1     6      3  0.8559521E-01  0.0000000E+00  0.9963300E+00
         1     6      4  0.8561438E-01  0.0000000E+00  0.9963283E+00
         1     6      5  0.8563355E-01  0.0000000E+00  0.9963267E+00
         1     6      6  0.8565272E-01  0.0000000E+00  0.9963251E+00
         1     6      7  0.8567189E-01  0.0000000E+00  0.9963234E+00
         1     6      8  0.8569105E-01  0.0000000E+00  0.9963218E+00
         1     6      9  0.8571022E-01  0.0000000E+00  0.9963201E+00
         1     6     10  0.8577058E-01  0.0000000E+00  0.9963149E+00

         1     7      0  0.0000000E+00  0.0000000E+00  0.0000000E+00
         1     7      1  0.8553769E-01  0.0000000E+00  0.9963349E+00
         1     7      2  0.8546190E-01  0.0000000E+00  0.9963414E+00
         1     7      3  0.8542401E-01  0.0000000E+00  0.9963447E+00
         1     7      4  0.8538610E-01  0.0000000E+00  0.9963479E+00
         1     7      5  0.8534820E-01  0.0000000E+00  0.9963512E+00
         1     7      6  0.8531030E-01  0.0000000E+00  0.9963544E+00
         1     7      7  0.8527239E-01  0.0000000E+00  0.9963577E+00
         1     7      8  0.8523448E-01  0.0000000E+00  0.9963609E+00
         1     7      9  0.8519656E-01  0.0000000E+00  0.9963642E+00
         1     7     10  0.8568893E-01  0.0000000E+00  0.9963219E+00

         1     8      0  0.0000000E+00  0.0000000E+00  0.0000000E+00
         1     8      1  0.8553769E-01  0.0000000E+00  0.9963349E+00
         1     8      2  0.8534910E-01  0.0000000E+00  0.9963511E+00
         1     8      3  0.8525480E-01  0.0000000E+00  0.9963592E+00
         1     8      4  0.8516049E-01  0.0000000E+00  0.9963672E+00
         1     8      5  0.8506618E-01  0.0000000E+00  0.9963753E+00
         1     8      6  0.8497187E-01  0.0000000E+00  0.9963834E+00
         1     8      7  0.8487755E-01  0.0000000E+00  0.9963914E+00
         1     8      8  0.8478322E-01  0.0000000E+00  0.9963994E+00
         1     8      9  0.8468889E-01  0.0000000E+00  0.9964074E+00
         1     8     10  0.8560481E-01  0.0000000E+00  0.9963292E+00

         1     9      0  0.0000000E+00  0.0000000E+00  0.0000000E+00
         1     9      1  0.8553769E-01  0.0000000E+00  0.9963349E+00
         1     9      2  0.8534910E-01  0.0000000E+00  0.9963511E+00
         1     9      3  0.8525480E-01  0.0000000E+00  0.9963592E+00
         1     9      4  0.8516049E-01  0.0000000E+00  0.9963672E+00
         1     9      5  0.8506618E-01  0.0000000E+00  0.9963753E+00
         1     9      6  0.8497187E-01  0.0000000E+00  0.9963834E+00
         1     9      7  0.8487755E-01  0.0000000E+00  0.9963914E+00
         1     9      8  0.8478322E-01  0.0000000E+00  0.9963994E+00
         1     9      9  0.8468889E-01  0.0000000E+00  0.9964074E+00
         1     9     10  0.8560481E-01  0.0000000E+00  0.9963292E+00

         1    10      0  0.0000000E+00  0.0000000E+00  0.0000000E+00
         1    10      1  0.1704484E+00  0.0000000E+00  0.9853666E+00
         1    10      2  0.1702429E+00  0.0000000E+00  0.9854021E+00
         1    10      3  0.1701402E+00  0.0000000E+00  0.9854199E+00
         1    10      4  0.1700375E+00  0.0000000E+00  0.9854376E+00
         1    10      5  0.1699347E+00  0.0000000E+00  0.9854553E+00
         1    10      6  0.1698319E+00  0.0000000E+00  0.9854730E+00
         1    10      7  0.1697292E+00  0.0000000E+00  0.9854907E+00
         1    10      8  0.1696264E+00  0.0000000E+00  0.9855084E+00
         1    10      9  0.1695236E+00  0.0000000E+00  0.9855261E+00
         1    10     10  0.1706995E+00  0.0000000E+00  0.9853231E+00

         1    11      0  0.0000000E+00  0.0000000E+00  0.0000000E+00
         1    11      1  0.1704484E+00  0.0000000E+00  0.9853666E+00
         1    11      2  0.1702429E+00  0.0000000E+00  0.9854021E+00
         1    11      3  0.1701402E+00  0.0000000E+00  0.9854199E+00
         1    11      4  0.1700375E+00  0.0000000E+00  0.9854376E+00
         1    11      5  0.1699347E+00  0.0000000E+00  0.9854553E+00
         1    11      6  0.1698319E+00  0.0000000E+00  0.9854730E+00
         1    11      7  0.1697292E+00  0.0000000E+00  0.9854907E+00
         1    11      8  0.1696264E+00  0.0000000E+00  0.9855084E+00
         1    11      9  0.1695236E+00  0.0000000E+00  0.9855261E+00
         1    11     10  0.1706995E+00  0.0000000E+00  0.9853231E+00

         1    12      0  0.0000000E+00  0.0000000E+00  0.0000000E+00
         1    12      1  0.1704484E+00  0.0000000E+00  0.9853666E+00
         1    12      2  0.1702429E+00  0.0000000E+00  0.9854021E+00
         1    12      3  0.1701402E+00  0.0000000E+00  0.9854199E+00
         1    12      4  0.1700375E+00  0.0000000E+00  0.9854376E+00
         1    12      5  0.1699347E+00  0.0000000E+00  0.9854553E+00
         1    12      6  0.1698319E+00  0.0000000E+00  0.9854730E+00
         1    12      7  0.1697292E+00  0.0000000E+00  0.9854907E+00
         1    12      8  0.1696264E+00  0.0000000E+00  0.9855084E+00
         1    12      9  0.1695236E+00  0.0000000E+00  0.9855261E+00
         1    12     10  0.1706995E+00  0.0000000E+00  0.9853231E+00

         1    13      0  0.0000000E+00  0.0000000E+00  0.0000000E+00
         1    13      1  0.1704484E+00  0.0000000E+00  0.9853666E+00
         1    13      2  0.1702429E+00  0.0000000E+00  0.9854021E+00
         1    13      3  0.1701402E+00  0.0000000E+00  0.9854199E+00
         1    13      4  0.1700375E+00  0.0000000E+00  0.9854376E+00
         1    13      5  0.1699347E+00  0.0000000E+00  0.9854553E+00
         1    13      6  0.1698319E+00  0.0000000E+00  0.9854730E+00
         1    13      7  0.1697292E+00  0.0000000E+00  0.9854907E+00
         1    13      8  0.1696264E+00  0.0000000E+00  0.9855084E+00
         1    13      9  0.1695236E+00  0.0000000E+00  0.9855261E+00
         1    13     10  0.1706995E+00  0.0000000E+00  0.9853231E+00

         1    14      0  0.0000000E+00  0.0000000E+00  0.0000000E+00
         1    14      1  0.1704484E+00  0.0000000E+00  0.9853666E+00
         1    14      2  0.1702046E+00  0.0000000E+00  0.9854087E+00
         1    14      3  0.1700827E+00  0.0000000E+00  0.9854298E+00
         1    14      4  0.1699608E+00  0.0000000E+00  0.9854508E+00
         1    14      5  0.1698388E+00  0.0000000E+00  0.9854719E+00
         1    14      6  0.1697168E+00  0.0000000E+00  0.9854929E+00
         1    14      7  0.1695948E+00  0.0000000E+00  0.9855139E+00
         1    14      8  0.1694728E+00  0.0000000E+00  0.9855349E+00
         1    14      9  0.1693508E+00  0.0000000E+00  0.9855558E+00
         1    14     10  0.1709214E+00  0.0000000E+00  0.9852847E+00

         1    15      0  0.0000000E+00  0.0000000E+00  0.0000000E+00
         1    15      1  0.1704484E+00  0.0000000E+00  0.9853666E+00
         1    15      2  0.1701615E+00  0.0000000E+00  0.9854162E+00
         1    15      3  0.1700180E+00  0.0000000E+00  0.9854410E+00
         1    15      4  0.1698744E+00  0.0000000E+00  0.9854657E+00
         1    15      5  0.1697309E+00  0.0000000E+00  0.9854905E+00
         1    15      6  0.1695873E+00  0.0000000E+00  0.9855152E+00
         1    15      7  0.1694437E+00  0.0000000E+00  0.9855399E+00
         1    15      8  0.1693000E+00  0.0000000E+00  0.9855646E+00
         1    15      9  0.1691564E+00  0.0000000E+00  0.9855892E+00
         1    15     10  0.1711523E+00  0.0000000E+00  0.9852446E+00

         1    16      0  0.0000000E+00  0.0000000E+00  0.0000000E+00
         1    16      1  0.1704484E+00  0.0000000E+00  0.9853666E+00
         1    16      2  0.1701615E+00  0.0000000E+00  0.9854162E+00
         1    16      3  0.1700180E+00  0.0000000E+00  0.9854410E+00
         1    16      4  0.1698744E+00  0.0000000E+00  0.9854657E+00
         1    16      5  0.1697309E+00  0.0000000E+00  0.9854905E+00
         1    16      6  0.1695873E+00  0.0000000E+00  0.9855152E+00
         1    16      7  0.1694437E+00  0.0000000E+00  0.9855399E+00
         1    16      8  0.1693000E+00  0.0000000E+00  0.9855646E+00
         1    16      9  0.1691564E+00  0.0000000E+00  0.9855892E+00
         1    16     10  0.1711523E+00  0.0000000E+00  0.9852446E+00

         1    17      0  0.0000000E+00  0.0000000E+00  0.0000000E+00
         1    17      1  0.2541097E+00  0.0000000E+00  0.9671754E+00
         1    17      2  0.2538893E+00  0.0000000E+00  0.9672333E+00
         1    17      3  0.2537791E+00  0.0000000E+00  0.9672622E+00
         1    17      4  0.2536688E+00  0.0000000E+00  0.9672911E+00
         1    17      5  0.2535585E+00  0.0000000E+00  0.9673200E+00
         1    17      6  0.2534482E+00  0.0000000E+00  0.9673490E+00
         1    17      7  0.2533379E+00  0.0000000E+00  0.9673779E+00
         1    17      8  0.2532275E+00  0.0000000E+00  0.9674068E+00
         1    17      9  0.2531171E+00  0.0000000E+00  0.9674357E+00
         1    17     10  0.2548337E+00  0.0000000E+00  0.9669849E+00

         1    18      0  0.0000000E+00  0.0000000E+00  0.0000000E+00
         1    18      1  0.2541097E+00  0.0000000E+00  0.9671754E+00
         1    18      2  0.2538893E+00  0.0000000E+00  0.9672333E+00
         1    18      3  0.2537791E+00  0.0000000E+00  0.9672622E+00
         1    18      4  0.2536688E+00  0.0000000E+00  0.9672911E+00
         1    18      5  0.2535585E+00  0.0000000E+00  0.9673200E+00
         1    18      6  0.2534482E+00  0.0000000E+00  0.9673490E+00
         1    18      7  0.2533379E+00  0.0000000E+00  0.9673779E+00
         1    18      8  0.2532275E+00  0.0000000E+00  0.9674068E+00
         1    18      9  0.2531171E+00  0.0000000E+00  0.9674357E+00
         1    18     10  0.2548337E+00  0.0000000E+00  0.9669849E+00

         1    19      0  0.0000000E+00  0.0000000E+00  0.0000000E+00
         1    19      1  0.2541097E+00  0.0000000E+00  0.9671754E+00
         1    19      2  0.2538893E+00  0.0000000E+00  0.9672333E+00
         1    19      3  0.2537791E+00  0.0000000E+00  0.9672622E+00
         1    19      4  0.2536688E+00  0.0000000E+00  0.9672911E+00
         1    19      5  0.2535585E+00  0.0000000E+00  0.9673200E+00
         1    19      6  0.2534482E+00  0.0000000E+00  0.9673490E+00
         1    19      7  0.2533379E+00  0.0000000E+00  0.9673779E+00
         1    19      8  0.2532275E+00  0.0000000E+00  0.9674068E+00
         1    19      9  0.2531171E+00  0.0000000E+00  0.9674357E+00
         1    19     10  0.2548337E+00  0.0000000E+00  0.9669849E+00

         1    20      0  0.0000000E+00  0.0000000E+00  0.0000000E+00
         1    20      1  0.2541097E+00  0.0000000E+00  0.9671754E+00
         1    20      2  0.2538893E+00  0.0000000E+00  0.9672333E+00
         1    20      3  0.2537791E+00  0.0000000E+00  0.9672622E+00
         1    20      4  0.2536688E+00  0.0000000E+00  0.9672911E+00
         1    20      5  0.2535585E+00  0.0000000E+00  0.9673200E+00
         1    20      6  0.2534482E+00  0.0000000E+00  0.9673490E+00
         1    20      7  0.2533379E+00  0.0000000E+00  0.9673779E+00
         1    20      8  0.2532275E+00  0.0000000E+00  0.9674068E+00
         1    20      9  0.2531171E+00  0.0000000E+00  0.9674357E+00
         1    20     10  0.2548337E+00  0.0000000E+00  0.9669849E+00

         1    21      0  0.0000000E+00  0.0000000E+00  0.0000000E+00
         1    21      1  0.2541097E+00  0.0000000E+00  0.9671754E+00
         1    21      2  0.2541096E+00  0.0000000E+00  0.9671754E+00
         1    21      3  0.2541096E+00  0.0000000E+00  0.9671754E+00
         1    21      4  0.2541095E+00  0.0000000E+00  0.9671754E+00
         1    21      5  0.2541095E+00  0.0000000E+00  0.9671755E+00
         1    21      6  0.2541094E+00  0.0000000E+00  0.9671755E+00
         1    21      7  0.2541093E+00  0.0000000E+00  0.9671755E+00
         1    21      8  0.2541092E+00  0.0000000E+00  0.9671755E+00
         1    21      9  0.2541091E+00  0.0000000E+00  0.9671756E+00
         1    21     10  0.2541409E+00  0.0000000E+00  0.9671672E+00

         1    22      0  0.0000000E+00  0.0000000E+00  0.0000000E+00
         1    22      1  0.2541097E+00  0.0000000E+00  0.9671754E+00
         1    22      2  0.2543299E+00  0.0000000E+00  0.9671175E+00
         1    22      3  0.2544401E+00  0.0000000E+00  0.9670885E+00
         1    22      4  0.2545502E+00  0.0000000E+00  0.9670596E+00
         1    22      5  0.2546603E+00  0.0000000E+00  0.9670306E+00
         1    22      6  0.2547705E+00  0.0000000E+00  0.9670016E+00
         1    22      7  0.2548806E+00  0.0000000E+00  0.9669725E+00
         1    22      8  0.2549907E+00  0.0000000E+00  0.9669435E+00
         1    22      9  0.2551008E+00  0.0000000E+00  0.9669145E+00
         1    22     10  0.2534480E+00  0.0000000E+00  0.9673490E+00

         1    23      0  0.0000000E+00  0.0000000E+00  0.0000000E+00
         1    23      1  0.2541097E+00  0.0000000E+00  0.9671754E+00
         1    23      2  0.2543299E+00  0.0000000E+00  0.9671175E+00
         1    23      3  0.2544401E+00  0.0000000E+00  0.9670885E+00
         1    23      4  0.2545502E+00  0.0000000E+00  0.9670596E+00
         1    23      5  0.2546603E+00  0.0000000E+00  0.9670306E+00
         1    23      6  0.2547705E+00  0.0000000E+00  0.9670016E+00
         1    23      7  0.2548806E+00  0.0000000E+00  0.9669725E+00
         1    23      8  0.2549907E+00  0.0000000E+00  0.9669435E+00
         1    23      9  0.2551008E+00  0.0000000E+00  0.9669145E+00
         1    23     10  0.2534480E+00  0.0000000E+00  0.9673490E+00

         1    24      0  0.0000000E+00  0.0000000E+00  0.0000000E+00
         1    24      1  0.3359083E+00  0.0000000E+00  0.9418947E+00
         1    24      2  0.3361825E+00  0.0000000E+00  0.9417969E+00
         1    24      3  0.3363196E+00  0.0000000E+00  0.9417479E+00
         1    24      4  0.3364566E+00  0.0000000E+00  0.9416990E+00
         1    24      5  0.3365937E+00  0.0000000E+00  0.9416500E+00
         1    24      6  0.3367308E+00  0.0000000E+00  0.9416010E+00
         1    24      7  0.3368678E+00  0.0000000E+00  0.9415519E+00
         1    24      8  0.3370049E+00  0.0000000E+00  0.9415029E+00
         1    24      9  0.3371419E+00  0.0000000E+00  0.9414538E+00
         1    24     10  0.3352962E+00  0.0000000E+00  0.9421127E+00

         1    25      0  0.0000000E+00  0.0000000E+00  0.0000000E+00
         1    25      1  0.3359083E+00  0.0000000E+00  0.9418947E+00
         1    25      2  0.3361825E+00  0.0000000E+00  0.9417969E+00
         1    25      3  0.3363196E+00  0.0000000E+00  0.9417479E+00
         1    25      4  0.3364566E+00  0.0000000E+00  0.9416990E+00
         1    25      5  0.3365937E+00  0.0000000E+00  0.9416500E+00
         1    25      6  0.3367308E+00  0.0000000E+00  0.9416010E+00
         1    25      7  0.3368678E+00  0.0000000E+00  0.9415519E+00
         1    25      8  0.3370049E+00  0.0000000E+00  0.9415029E+00
         1    25      9  0.3371419E+00  0.0000000E+00  0.9414538E+00
         1    25     10  0.3352962E+00  0.0000000E+00  0.9421127E+00

         1    26      0  0.0000000E+00  0.0000000E+00  0.0000000E+00
         1    26      1  0.3359083E+00  0.0000000E+00  0.9418947E+00
         1    26      2  0.3361825E+00  0.0000000E+00  0.9417969E+00
         1    26      3  0.3363196E+00  0.0000000E+00  0.9417479E+00
         1    26      4  0.3364566E+00  0.0000000E+00  0.9416990E+00
         1    26      5  0.3365937E+00  0.0000000E+00  0.9416500E+00
         1    26      6  0.3367308E+00  0.0000000E+00  0.9416010E+00
         1    26      7  0.3368678E+00  0.0000000E+00  0.9415519E+00
         1    26      8  0.3370049E+00  0.0000000E+00  0.9415029E+00
         1    26      9  0.3371419E+00  0.0000000E+00  0.9414538E+00
         1    26     10  0.3352962E+00  0.0000000E+00  0.9421127E+00

         1    27      0  0.0000000E+00  0.0000000E+00  0.0000000E+00
         1    27      1  0.3359083E+00  0.0000000E+00  0.9418947E+00
         1    27      2  0.3361825E+00  0.0000000E+00  0.9417969E+00
         1    27      3  0.3363196E+00  0.0000000E+00  0.9417479E+00
         1    27      4  0.3364566E+00  0.0000000E+00  0.9416990E+00
         1    27      5  0.3365937E+00  0.0000000E+00  0.9416500E+00
         1    27      6  0.3367308E+00  0.0000000E+00  0.9416010E+00
         1    27      7  0.3368678E+00  0.0000000E+00  0.9415519E+00
         1    27      8  0.3370049E+00  0.0000000E+00  0.9415029E+00
         1    27      9  0.3371419E+00  0.0000000E+00  0.9414538E+00
         1    27     10  0.3352962E+00  0.0000000E+00  0.9421127E+00

         1    28      0  0.0000000E+00  0.0000000E+00  0.0000000E+00
         1    28      1  0.3359083E+00  0.0000000E+00  0.9418947E+00
         1    28      2  0.3361412E+00  0.0000000E+00  0.9418116E+00
         1    28      3  0.3362576E+00  0.0000000E+00  0.9417701E+00
         1    28      4  0.3363740E+00  0.0000000E+00  0.9417285E+00
         1    28      5  0.3364903E+00  0.0000000E+00  0.9416869E+00
         1    28      6  0.3366066E+00  0.0000000E+00  0.9416454E+00
         1    28      7  0.3367228E+00  0.0000000E+00  0.9416038E+00
         1    28      8  0.3368391E+00  0.0000000E+00  0.9415622E+00
         1    28      9  0.3369553E+00  0.0000000E+00  0.9415207E+00
         1    28     10  0.3355170E+00  0.0000000E+00  0.9420341E+00

         1    29      0  0.0000000E+00  0.0000000E+00  0.0000000E+00
         1    29      1  0.3359083E+00  0.0000000E+00  0.9418947E+00
         1    29      2  0.3361045E+00  0.0000000E+00  0.9418247E+00
         1    29      3  0.3362025E+00  0.0000000E+00  0.9417897E+00
         1    29      4  0.3363005E+00  0.0000000E+00  0.9417547E+00
         1    29      5  0.3363984E+00  0.0000000E+00  0.9417198E+00
         1    29      6  0.3364962E+00  0.0000000E+00  0.9416848E+00
         1    29      7  0.3365939E+00  0.0000000E+00  0.9416499E+00
         1    29      8  0.3366916E+00  0.0000000E+00  0.9416150E+00
         1    29      9  0.3367893E+00  0.0000000E+00  0.9415801E+00
         1    29     10  0.3357293E+00  0.0000000E+00  0.9419585E+00

         1    30      0  0.0000000E+00  0.0000000E+00  0.0000000E+00
         1    30      1  0.3359083E+00  0.0000000E+00  0.9418947E+00
         1    30      2  0.3361045E+00  0.0000000E+00  0.9418247E+00
         1    30      3  0.3362025E+00  0.0000000E+00  0.9417897E+00
         1    30      4  0.3363005E+00  0.0000000E+00  0.9417547E+00
         1    30      5  0.3363984E+00  0.0000000E+00  0.9417198E+00
         1    30      6  0.3364962E+00  0.0000000E+00  0.9416848E+00
         1    30      7  0.3365939E+00  0.0000000E+00  0.9416499E+00
         1    30      8  0.3366916E+00  0.0000000E+00  0.9416150E+00
         1    30      9  0.3367893E+00  0.0000000E+00  0.9415801E+00
         1    30     10  0.3357293E+00  0.0000000E+00  0.9419585E+00

         1    31      0  0.0000000E+00  0.0000000E+00  0.0000000E+00
         1    31      1  0.4152447E+00  0.0000000E+00  0.9097098E+00
         1    31      2  0.4154167E+00  0.0000000E+00  0.9096312E+00
         1    31      3  0.4155027E+00  0.0000000E+00  0.9095919E+00
         1    31      4  0.4155886E+00  0.0000000E+00  0.9095527E+00
         1    31      5  0.4156745E+00  0.0000000E+00  0.9095134E+00
         1    31      6  0.4157603E+00  0.0000000E+00  0.9094742E+00
         1    31      7  0.4158461E+00  0.0000000E+00  0.9094350E+00
         1    31      8  0.4159319E+00  0.0000000E+00  0.9093958E+00
         1    31      9  0.4160175E+00  0.0000000E+00  0.9093566E+00
         1    31     10  0.4152423E+00  0.0000000E+00  0.9097109E+00

         1    32      0  0.0000000E+00  0.0000000E+00  0.0000000E+00
         1    32      1  0.4152447E+00  0.0000000E+00  0.9097098E+00
         1    32      2  0.4154167E+00  0.0000000E+00  0.9096312E+00
         1    32      3  0.4155027E+00  0.0000000E+00  0.9095919E+00
         1    32      4  0.4155886E+00  0.0000000E+00  0.9095527E+00
         1    32      5  0.4156745E+00  0.0000000E+00  0.9095134E+00
         1    32      6  0.4157603E+00  0.0000000E+00  0.9094742E+00
         1    32      7  0.4158461E+00  0.0000000E+00  0.9094350E+00
         1    32      8  0.4159319E+00  0.0000000E+00  0.9093958E+00
         1    32      9  0.4160175E+00  0.0000000E+00  0.9093566E+00
         1    32     10  0.4152423E+00  0.0000000E+00  0.9097109E+00

         1    33      0  0.0000000E+00  0.0000000E+00  0.0000000E+00
         1    33      1  0.4152447E+00  0.0000000E+00  0.9097098E+00
         1    33      2  0.4154167E+00  0.0000000E+00  0.9096312E+00
         1    33      3  0.4155027E+00  0.0000000E+00  0.9095919E+00
         1    33      4  0.4155886E+00  0.0000000E+00  0.9095527E+00
         1    33      5  0.4156745E+00  0.0000000E+00  0.9095134E+00
         1    33      6  0.4157603E+00  0.0000000E+00  0.9094742E+00
         1    33      7  0.4158461E+00  0.0000000E+00  0.9094350E+00
         1    33      8  0.4159319E+00  0.0000000E+00  0.9093958E+00
         1    33      9  0.4160175E+00  0.0000000E+00  0.9093566E+00
         1    33     10  0.4152423E+00  0.0000000E+00  0.9097109E+00

         1    34      0  0.0000000E+00  0.0000000E+00  0.0000000E+00
         1    34      1  0.4152447E+00  0.0000000E+00  0.9097098E+00
         1    34      2  0.4154167E+00  0.0000000E+00  0.9096312E+00
         1    34      3  0.4155027E+00  0.0000000E+00  0.9095919E+00
         1    34      4  0.4155886E+00  0.0000000E+00  0.9095527E+00
         1    34      5  0.4156745E+00  0.0000000E+00  0.9095134E+00
         1    34      6  0.4157603E+00  0.0000000E+00  0.9094742E+00
         1    34      7  0.4158461E+00  0.0000000E+00  0.9094350E+00
         1    34      8  0.4159319E+00  0.0000000E+00  0.9093958E+00
         1    34      9  0.4160175E+00  0.0000000E+00  0.9093566E+00
         1    34     10  0.4152423E+00  0.0000000E+00  0.9097109E+00

         1    35      0  0.0000000E+00  0.0000000E+00  0.0000000E+00
         1    35      1  0.4152447E+00  0.0000000E+00  0.9097098E+00
         1    35      2  0.4153139E+00  0.0000000E+00  0.9096782E+00
         1    35      3  0.4153485E+00  0.0000000E+00  0.9096624E+00
         1    35      4  0.4153832E+00  0.0000000E+00  0.9096465E+00
         1    35      5  0.4154178E+00  0.0000000E+00  0.9096307E+00
         1    35      6  0.4154525E+00  0.0000000E+00  0.9096149E+00
         1    35      7  0.4154872E+00  0.0000000E+00  0.9095990E+00
         1    35      8  0.4155219E+00  0.0000000E+00  0.9095832E+00
         1    35      9  0.4155567E+00  0.0000000E+00  0.9095673E+00
         1    35     10  0.4151654E+00  0.0000000E+00  0.9097460E+00

         1    36      0  0.0000000E+00  0.0000000E+00  0.0000000E+00
         1    36      1  0.4152447E+00  0.0000000E+00  0.9097098E+00
         1    36      2  0.4152098E+00  0.0000000E+00  0.9097257E+00
         1    36      3  0.4151925E+00  0.0000000E+00  0.9097336E+00
         1    36      4  0.4151752E+00  0.0000000E+00  0.9097415E+00
         1    36      5  0.4151581E+00  0.0000000E+00  0.9097493E+00
         1    36      6  0.4151410E+00  0.0000000E+00  0.9097571E+00
         1    36      7  0.4151240E+00  0.0000000E+00  0.9097649E+00
         1    36      8  0.4151070E+00  0.0000000E+00  0.9097726E+00
         1    36      9  0.4150902E+00  0.0000000E+00  0.9097803E+00
         1    36     10  0.4150907E+00  0.0000000E+00  0.9097800E+00

         1    37      0  0.0000000E+00  0.0000000E+00  0.0000000E+00
         1    37      1  0.4152447E+00  0.0000000E+00  0.9097098E+00
         1    37      2  0.4152098E+00  0.0000000E+00  0.9097257E+00
         1    37      3  0.4151925E+00  0.0000000E+00  0.9097336E+00
         1    37      4  0.4151752E+00  0.0000000E+00  0.9097415E+00
         1    37      5  0.4151581E+00  0.0000000E+00  0.9097493E+00
         1    37      6  0.4151410E+00  0.0000000E+00  0.9097571E+00
         1    37      7  0.4151240E+00  0.0000000E+00  0.9097649E+00
         1    37      8  0.4151070E+00  0.0000000E+00  0.9097726E+00
         1    37      9  0.4150902E+00  0.0000000E+00  0.9097803E+00
         1    37     10  0.4150907E+00  0.0000000E+00  0.9097800E+00

         1    38      0  0.0000000E+00  0.0000000E+00  0.0000000E+00
         1    38      1  0.4915372E+00  0.0000000E+00  0.8708566E+00
         1    38      2  0.4914654E+00  0.0000000E+00  0.8708971E+00
         1    38      3  0.4914296E+00  0.0000000E+00  0.8709173E+00
         1    38      4  0.4913939E+00  0.0000000E+00  0.8709374E+00
         1    38      5  0.4913583E+00  0.0000000E+00  0.8709575E+00
         1    38      6  0.4913228E+00  0.0000000E+00  0.8709776E+00
         1    38      7  0.4912874E+00  0.0000000E+00  0.8709976E+00
         1    38      8  0.4912520E+00  0.0000000E+00  0.8710175E+00
         1    38      9  0.4912167E+00  0.0000000E+00  0.8710374E+00
         1    38     10  0.4915934E+00  0.0000000E+00  0.8708249E+00

         1    39      0  0.0000000E+00  0.0000000E+00  0.0000000E+00
         1    39      1  0.4915372E+00  0.0000000E+00  0.8708566E+00
         1    39      2  0.4914654E+00  0.0000000E+00  0.8708971E+00
         1    39      3  0.4914296E+00  0.0000000E+00  0.8709173E+00
         1    39      4  0.4913939E+00  0.0000000E+00  0.8709374E+00
         1    39      5  0.4913583E+00  0.0000000E+00  0.8709575E+00
         1    39      6  0.4913228E+00  0.0000000E+00  0.8709776E+00
         1    39      7  0.4912874E+00  0.0000000E+00  0.8709976E+00
         1    39      8  0.4912520E+00  0.0000000E+00  0.8710175E+00
         1    39      9  0.4912167E+00  0.0000000E+00  0.8710374E+00
         1    39     10  0.4915934E+00  0.0000000E+00  0.8708249E+00

         1    40      0  0.0000000E+00  0.0000000E+00  0.0000000E+00
         1    40      1  0.4915372E+00  0.0000000E+00  0.8708566E+00
         1    40      2  0.4915374E+00  0.0000000E+00  0.8708565E+00
         1    40      3  0.4915376E+00  0.0000000E+00  0.8708563E+00
         1    40      4  0.4915379E+00  0.0000000E+00  0.8708562E+00
         1    40      5  0.4915383E+00  0.0000000E+00  0.8708560E+00
         1    40      6  0.4915388E+00  0.0000000E+00  0.8708557E+00
         1    40      7  0.4915393E+00  0.0000000E+00  0.8708554E+00
         1    40      8  0.4915400E+00  0.0000000E+00  0.8708550E+00
         1    40      9  0.4915407E+00  0.0000000E+00  0.8708546E+00
         1    40     10  0.4915934E+00  0.0000000E+00  0.8708249E+00

         1    41      0  0.0000000E+00  0.0000000E+00  0.0000000E+00
         1    41      1  0.4915372E+00  0.0000000E+00  0.8708566E+00
         1    41      2  0.4915906E+00  0.0000000E+00  0.8708264E+00
         1    41      3  0.4916175E+00  0.0000000E+00  0.8708113E+00
         1    41      4  0.4916444E+00  0.0000000E+00  0.8707961E+00
         1    41      5  0.4916714E+00  0.0000000E+00  0.8707808E+00
         1    41      6  0.4916985E+00  0.0000000E+00  0.8707655E+00
         1    41      7  0.4917257E+00  0.0000000E+00  0.8707502E+00
         1    41      8  0.4917529E+00  0.0000000E+00  0.8707348E+00
         1    41      9  0.4917803E+00  0.0000000E+00  0.8707193E+00
         1    41     10  0.4915934E+00  0.0000000E+00  0.8708249E+00

         1    42      0  0.0000000E+00  0.0000000E+00  0.0000000E+00
         1    42      1  0.4915372E+00  0.0000000E+00  0.8708566E+00
         1    42      2  0.4915906E+00  0.0000000E+00  0.8708264E+00
         1    42      3  0.4916175E+00  0.0000000E+00  0.8708113E+00
         1    42      4  0.4916444E+00  0.0000000E+00  0.8707961E+00
         1    42      5  0.4916714E+00  0.0000000E+00  0.8707808E+00
         1    42      6  0.4916985E+00  0.0000000E+00  0.8707655E+00
         1    42      7  0.4917257E+00  0.0000000E+00  0.8707502E+00
         1    42      8  0.4917529E+00  0.0000000E+00  0.8707348E+00
         1    42      9  0.4917803E+00  0.0000000E+00  0.8707193E+00
         1    42     10  0.4915934E+00  0.0000000E+00  0.8708249E+00

         1    43      0  0.0000000E+00  0.0000000E+00  0.0000000E+00
         1    43      1  0.4915372E+00  0.0000000E+00  0.8708566E+00
         1    43      2  0.4915906E+00  0.0000000E+00  0.8708264E+00
         1    43      3  0.4916175E+00  0.0000000E+00  0.8708113E+00
         1    43      4  0.4916444E+00  0.0000000E+00  0.8707961E+00
         1    43      5  0.4916714E+00  0.0000000E+00  0.8707808E+00
         1    43      6  0.4916985E+00  0.0000000E+00  0.8707655E+00
         1    43      7  0.4917257E+00  0.0000000E+00  0.8707502E+00
         1    43      8  0.4917529E+00  0.0000000E+00  0.8707348E+00
         1    43      9  0.4917803E+00  0.0000000E+00  0.8707193E+00
         1    43     10  0.4915934E+00  0.0000000E+00  0.8708249E+00

         1    44      0  0.0000000E+00  0.0000000E+00  0.0000000E+00
         1    44      1  0.4915372E+00  0.0000000E+00  0.8708566E+00
         1    44      2  0.4915906E+00  0.0000000E+00  0.8708264E+00
         1    44      3  0.4916175E+00  0.0000000E+00  0.8708113E+00
         1    44      4  0.4916444E+00  0.0000000E+00  0.8707961E+00
         1    44      5  0.4916714E+00  0.0000000E+00  0.8707808E+00
         1    44      6  0.4916985E+00  0.0000000E+00  0.8707655E+00
         1    44      7  0.4917257E+00  0.0000000E+00  0.8707502E+00
         1    44      8  0.4917529E+00  0.0000000E+00  0.8707348E+00
         1    44      9  0.4917803E+00  0.0000000E+00  0.8707193E+00
         1    44     10  0.4915934E+00  0.0000000E+00  0.8708249E+00

         1    45      0  0.0000000E+00  0.0000000E+00  0.0000000E+00
         1    45      1  0.4915372E+00  0.0000000E+00  0.8708566E+00
         1    45      2  0.4914736E+00  0.0000000E+00  0.8708924E+00
         1    45      3  0.4914419E+00  0.0000000E+00  0.8709104E+00
         1    45      4  0.4914101E+00  0.0000000E+00  0.8709283E+00
         1    45      5  0.4913783E+00  0.0000000E+00  0.8709462E+00
         1    45      6  0.4913466E+00  0.0000000E+00  0.8709641E+00
         1    45      7  0.4913149E+00  0.0000000E+00  0.8709820E+00
         1    45      8  0.4912831E+00  0.0000000E+00  0.8709999E+00
         1    45      9  0.4912514E+00  0.0000000E+00  0.8710178E+00
         1    45     10  0.4915935E+00  0.0000000E+00  0.8708248E+00

         1    46      0  0.0000000E+00  0.0000000E+00  0.0000000E+00
         1    46      1  0.4915372E+00  0.0000000E+00  0.8708566E+00
         1    46      2  0.4913579E+00  0.0000000E+00  0.8709578E+00
         1    46      3  0.4912681E+00  0.0000000E+00  0.8710084E+00
         1    46      4  0.4911783E+00  0.0000000E+00  0.8710591E+00
         1    46      5  0.4910884E+00  0.0000000E+00  0.8711098E+00
         1    46      6  0.4909984E+00  0.0000000E+00  0.8711605E+00
         1    46      7  0.4909083E+00  0.0000000E+00  0.8712112E+00
         1    46      8  0.4908182E+00  0.0000000E+00  0.8712620E+00
         1    46      9  0.4907281E+00  0.0000000E+00  0.8713128E+00
         1    46     10  0.4915936E+00  0.0000000E+00  0.8708247E+00

         1    47      0  0.0000000E+00  0.0000000E+00  0.0000000E+00
         1    47      1  0.4915372E+00  0.0000000E+00  0.8708566E+00
         1    47      2  0.4913579E+00  0.0000000E+00  0.8709578E+00
         1    47      3  0.4912681E+00  0.0000000E+00  0.8710084E+00
         1    47      4  0.4911783E+00  0.0000000E+00  0.8710591E+00
         1    47      5  0.4910884E+00  0.0000000E+00  0.8711098E+00
         1    47      6  0.4909984E+00  0.0000000E+00  0.8711605E+00
         1    47      7  0.4909083E+00  0.0000000E+00  0.8712112E+00
         1    47      8  0.4908182E+00  0.0000000E+00  0.8712620E+00
         1    47      9  0.4907281E+00  0.0000000E+00  0.8713128E+00
         1    47     10  0.4915936E+00  0.0000000E+00  0.8708247E+00

         1    48      0  0.0000000E+00  0.0000000E+00  0.0000000E+00
         1    48      1  0.4915372E+00  0.0000000E+00  0.8708566E+00
         1    48      2  0.4913579E+00  0.0000000E+00  0.8709578E+00
         1    48      3  0.4912681E+00  0.0000000E+00  0.8710084E+00
         1    48      4  0.4911783E+00  0.0000000E+00  0.8710591E+00
         1    48      5  0.4910884E+00  0.0000000E+00  0.8711098E+00
         1    48      6  0.4909984E+00  0.0000000E+00  0.8711605E+00
         1    48      7  0.4909083E+00  0.0000000E+00  0.8712112E+00
         1    48      8  0.4908182E+00  0.0000000E+00  0.8712620E+00
         1    48      9  0.4907281E+00  0.0000000E+00  0.8713128E+00
         1    48     10  0.4915936E+00  0.0000000E+00  0.8708247E+00

         1    49      0  0.0000000E+00  0.0000000E+00  0.0000000E+00
         1    49      1  0.4915372E+00  0.0000000E+00  0.8708566E+00
         1    49      2  0.4913579E+00  0.0000000E+00  0.8709578E+00
         1    49      3  0.4912681E+00  0.0000000E+00  0.8710084E+00
         1    49      4  0.4911783E+00  0.0000000E+00  0.8710591E+00
         1    49      5  0.4910884E+00  0.0000000E+00  0.8711098E+00
         1    49      6  0.4909984E+00  0.0000000E+00  0.8711605E+00
         1    49      7  0.4909083E+00  0.0000000E+00  0.8712112E+00
         1    49      8  0.4908182E+00  0.0000000E+00  0.8712620E+00
         1    49      9  0.4907281E+00  0.0000000E+00  0.8713128E+00
         1    49     10  0.4915936E+00  0.0000000E+00  0.8708247E+00

         1    50      0  0.0000000E+00  0.0000000E+00  0.0000000E+00
         1    50      1  0.4915372E+00  0.0000000E+00  0.8708566E+00
         1    50      2  0.4913310E+00  0.0000000E+00  0.8709729E+00
         1    50      3  0.4912278E+00  0.0000000E+00  0.8710312E+00
         1    50      4  0.4911245E+00  0.0000000E+00  0.8710894E+00
         1    50      5  0.4910212E+00  0.0000000E+00  0.8711476E+00
         1    50      6  0.4909178E+00  0.0000000E+00  0.8712059E+00
         1    50      7  0.4908144E+00  0.0000000E+00  0.8712641E+00
         1    50      8  0.4907110E+00  0.0000000E+00  0.8713224E+00
         1    50      9  0.4906074E+00  0.0000000E+00  0.8713807E+00
         1    50     10  0.4915936E+00  0.0000000E+00  0.8708247E+00

         1    51      0  0.0000000E+00  0.0000000E+00  0.0000000E+00
         1    51      1  0.4915372E+00  0.0000000E+00  0.8708566E+00
         1    51      2  0.4912905E+00  0.0000000E+00  0.8709958E+00
         1    51      3  0.4911671E+00  0.0000000E+00  0.8710654E+00
         1    51      4  0.4910437E+00  0.0000000E+00  0.8711349E+00
         1    51      5  0.4909202E+00  0.0000000E+00  0.8712045E+00
         1    51      6  0.4907967E+00  0.0000000E+00  0.8712741E+00
         1    51      7  0.4906732E+00  0.0000000E+00  0.8713437E+00
         1    51      8  0.4905496E+00  0.0000000E+00  0.8714133E+00
         1    51      9  0.4904260E+00  0.0000000E+00  0.8714828E+00
         1    51     10  0.4915936E+00  0.0000000E+00  0.8708248E+00

         1    52      0  0.0000000E+00  0.0000000E+00  0.0000000E+00
         1    52      1  0.4915372E+00  0.0000000E+00  0.8708566E+00
         1    52      2  0.4912905E+00  0.0000000E+00  0.8709958E+00
         1    52      3  0.4911671E+00  0.0000000E+00  0.8710654E+00
         1    52      4  0.4910437E+00  0.0000000E+00  0.8711349E+00
         1    52      5  0.4909202E+00  0.0000000E+00  0.8712045E+00
         1    52      6  0.4907967E+00  0.0000000E+00  0.8712741E+00
         1    52      7  0.4906732E+00  0.0000000E+00  0.8713437E+00
         1    52      8  0.4905496E+00  0.0000000E+00  0.8714133E+00
         1    52      9  0.4904260E+00  0.0000000E+00  0.8714828E+00
         1    52     10  0.4915936E+00  0.0000000E+00  0.8708248E+00

         1    53      0  0.0000000E+00  0.0000000E+00  0.0000000E+00
         1    53      1  0.5642268E+00  0.0000000E+00  0.8256199E+00
         1    53      2  0.5640450E+00  0.0000000E+00  0.8257441E+00
         1    53      3  0.5639540E+00  0.0000000E+00  0.8258062E+00
         1    53      4  0.5638630E+00  0.0000000E+00  0.8258684E+00
         1    53      5  0.5637719E+00  0.0000000E+00  0.8259305E+00
         1    53      6  0.5636808E+00  0.0000000E+00  0.8259927E+00
         1    53      7  0.5635897E+00  0.0000000E+00  0.8260549E+00
         1    53      8  0.5634985E+00  0.0000000E+00  0.8261171E+00
         1    53      9  0.5634072E+00  0.0000000E+00  0.8261793E+00
         1    53     10  0.5644732E+00  0.0000000E+00  0.8254514E+00

         1    54      0  0.0000000E+00  0.0000000E+00  0.0000000E+00
         1    54      1  0.5642268E+00  0.0000000E+00  0.8256199E+00
         1    54      2  0.5640450E+00  0.0000000E+00  0.8257441E+00
         1    54      3  0.5639540E+00  0.0000000E+00  0.8258062E+00
         1    54      4  0.5638630E+00  0.0000000E+00  0.8258684E+00
         1    54      5  0.5637719E+00  0.0000000E+00  0.8259305E+00
         1    54      6  0.5636808E+00  0.0000000E+00  0.8259927E+00
         1    54      7  0.5635897E+00  0.0000000E+00  0.8260549E+00
         1    54      8  0.5634985E+00  0.0000000E+00  0.8261171E+00
         1    54      9  0.5634072E+00  0.0000000E+00  0.8261793E+00
         1    54     10  0.5644732E+00  0.0000000E+00  0.8254514E+00

         1    55      0  0.0000000E+00  0.0000000E+00  0.0000000E+00
         1    55      1  0.5642268E+00  0.0000000E+00  0.8256199E+00
         1    55      2  0.5640450E+00  0.0000000E+00  0.8257441E+00
         1    55      3  0.5639540E+00  0.0000000E+00  0.8258062E+00
         1    55      4  0.5638630E+00  0.0000000E+00  0.8258684E+00
         1    55      5  0.5637719E+00  0.0000000E+00  0.8259305E+00
         1    55      6  0.5636808E+00  0.0000000E+00  0.8259927E+00
         1    55      7  0.5635897E+00  0.0000000E+00  0.8260549E+00
         1    55      8  0.5634985E+00  0.0000000E+00  0.8261171E+00
         1    55      9  0.5634072E+00  0.0000000E+00  0.8261793E+00
         1    55     10  0.5644732E+00  0.0000000E+00  0.8254514E+00

         1    56      0  0.0000000E+00  0.0000000E+00  0.0000000E+00
         1    56      1  0.5642268E+00  0.0000000E+00  0.8256199E+00
         1    56      2  0.5640450E+00  0.0000000E+00  0.8257441E+00
         1    56      3  0.5639540E+00  0.0000000E+00  0.8258062E+00
         1    56      4  0.5638630E+00  0.0000000E+00  0.8258684E+00
         1    56      5  0.5637719E+00  0.0000000E+00  0.8259305E+00
         1    56      6  0.5636808E+00  0.0000000E+00  0.8259927E+00
         1    56      7  0.5635897E+00  0.0000000E+00  0.8260549E+00
         1    56      8  0.5634985E+00  0.0000000E+00  0.8261171E+00
         1    56      9  0.5634072E+00  0.0000000E+00  0.8261793E+00
         1    56     10  0.5644732E+00  0.0000000E+00  0.8254514E+00

         1    57      0  0.0000000E+00  0.0000000E+00  0.0000000E+00
         1    57      1  0.5642268E+00  0.0000000E+00  0.8256199E+00
         1    57      2  0.5642302E+00  0.0000000E+00  0.8256175E+00
         1    57      3  0.5642318E+00  0.0000000E+00  0.8256164E+00
         1    57      4  0.5642334E+00  0.0000000E+00  0.8256153E+00
         1    57      5  0.5642350E+00  0.0000000E+00  0.8256142E+00
         1    57      6  0.5642365E+00  0.0000000E+00  0.8256132E+00
         1    57      7  0.5642380E+00  0.0000000E+00  0.8256122E+00
         1    57      8  0.5642394E+00  0.0000000E+00  0.8256112E+00
         1    57      9  0.5642409E+00  0.0000000E+00  0.8256102E+00
         1    57     10  0.5644055E+00  0.0000000E+00  0.8254977E+00

         1    58      0  0.0000000E+00  0.0000000E+00  0.0000000E+00
         1    58      1  0.5642268E+00  0.0000000E+00  0.8256199E+00
         1    58      2  0.5644153E+00  0.0000000E+00  0.8254910E+00
         1    58      3  0.5645095E+00  0.0000000E+00  0.8254266E+00
         1    58      4  0.5646037E+00  0.0000000E+00  0.8253622E+00
         1    58      5  0.5646978E+00  0.0000000E+00  0.8252978E+00
         1    58      6  0.5647918E+00  0.0000000E+00  0.8252334E+00
         1    58      7  0.5648858E+00  0.0000000E+00  0.8251691E+00
         1    58      8  0.5649798E+00  0.0000000E+00  0.8251048E+00
         1    58      9  0.5650736E+00  0.0000000E+00  0.8250405E+00
         1    58     10  0.5643358E+00  0.0000000E+00  0.8255453E+00

         1    59      0  0.0000000E+00  0.0000000E+00  0.0000000E+00
         1    59      1  0.5642268E+00  0.0000000E+00  0.8256199E+00
         1    59      2  0.5644153E+00  0.0000000E+00  0.8254910E+00
         1    59      3  0.5645095E+00  0.0000000E+00  0.8254266E+00
         1    59      4  0.5646037E+00  0.0000000E+00  0.8253622E+00
         1    59      5  0.5646978E+00  0.0000000E+00  0.8252978E+00
         1    59      6  0.5647918E+00  0.0000000E+00  0.8252334E+00
         1    59      7  0.5648858E+00  0.0000000E+00  0.8251691E+00
         1    59      8  0.5649798E+00  0.0000000E+00  0.8251048E+00
         1    59      9  0.5650736E+00  0.0000000E+00  0.8250405E+00
         1    59     10  0.5643358E+00  0.0000000E+00  0.8255453E+00

         1    60      0  0.0000000E+00  0.0000000E+00  0.0000000E+00
         1    60      1  0.6327805E+00  0.0000000E+00  0.7743312E+00
         1    60      2  0.6330051E+00  0.0000000E+00  0.7741477E+00
         1    60      3  0.6331173E+00  0.0000000E+00  0.7740559E+00
         1    60      4  0.6332294E+00  0.0000000E+00  0.7739641E+00
         1    60      5  0.6333416E+00  0.0000000E+00  0.7738724E+00
         1    60      6  0.6334536E+00  0.0000000E+00  0.7737807E+00
         1    60      7  0.6335656E+00  0.0000000E+00  0.7736890E+00
         1    60      8  0.6336776E+00  0.0000000E+00  0.7735973E+00
         1    60      9  0.6337895E+00  0.0000000E+00  0.7735056E+00
         1    60     10  0.6330278E+00  0.0000000E+00  0.7741290E+00

         1    61      0  0.0000000E+00  0.0000000E+00  0.0000000E+00
         1    61      1  0.6327805E+00  0.0000000E+00  0.7743312E+00
         1    61      2  0.6330051E+00  0.0000000E+00  0.7741477E+00
         1    61      3  0.6331173E+00  0.0000000E+00  0.7740559E+00
         1    61      4  0.6332294E+00  0.0000000E+00  0.7739641E+00
         1    61      5  0.6333416E+00  0.0000000E+00  0.7738724E+00
         1    61      6  0.6334536E+00  0.0000000E+00  0.7737807E+00
         1    61      7  0.6335656E+00  0.0000000E+00  0.7736890E+00
         1    61      8  0.6336776E+00  0.0000000E+00  0.7735973E+00
         1    61      9  0.6337895E+00  0.0000000E+00  0.7735056E+00
         1    61     10  0.6330278E+00  0.0000000E+00  0.7741290E+00

         1    62      0  0.0000000E+00  0.0000000E+00  0.0000000E+00
         1    62      1  0.6327805E+00  0.0000000E+00  0.7743312E+00
         1    62      2  0.6330051E+00  0.0000000E+00  0.7741477E+00
         1    62      3  0.6331173E+00  0.0000000E+00  0.7740559E+00
         1    62      4  0.6332294E+00  0.0000000E+00  0.7739641E+00
         1    62      5  0.6333416E+00  0.0000000E+00  0.7738724E+00
         1    62      6  0.6334536E+00  0.0000000E+00  0.7737807E+00
         1    62      7  0.6335656E+00  0.0000000E+00  0.7736890E+00
         1    62      8  0.6336776E+00  0.0000000E+00  0.7735973E+00
         1    62      9  0.6337895E+00  0.0000000E+00  0.7735056E+00
         1    62     10  0.6330278E+00  0.0000000E+00  0.7741290E+00

         1    63      0  0.0000000E+00  0.0000000E+00  0.0000000E+00
         1    63      1  0.6327805E+00  0.0000000E+00  0.7743312E+00
         1    63      2  0.6330051E+00  0.0000000E+00  0.7741477E+00
         1    63      3  0.6331173E+00  0.0000000E+00  0.7740559E+00
         1    63      4  0.6332294E+00  0.0000000E+00  0.7739641E+00
         1    63      5  0.6333416E+00  0.0000000E+00  0.7738724E+00
         1    63      6  0.6334536E+00  0.0000000E+00  0.7737807E+00
         1    63      7  0.6335656E+00  0.0000000E+00  0.7736890E+00
         1    63      8  0.6336776E+00  0.0000000E+00  0.7735973E+00
         1    63      9  0.6337895E+00  0.0000000E+00  0.7735056E+00
         1    63     10  0.6330278E+00  0.0000000E+00  0.7741290E+00

         1    64      0  0.0000000E+00  0.0000000E+00  0.0000000E+00
         1    64      1  0.6327805E+00  0.0000000E+00  0.7743312E+00
         1    64      2  0.6329742E+00  0.0000000E+00  0.7741729E+00
         1    64      3  0.6330710E+00  0.0000000E+00  0.7740938E+00
         1    64      4  0.6331676E+00  0.0000000E+00  0.7740147E+00
         1    64      5  0.6332642E+00  0.0000000E+00  0.7739357E+00
         1    64      6  0.6333606E+00  0.0000000E+00  0.7738568E+00
         1    64      7  0.6334570E+00  0.0000000E+00  0.7737779E+00
         1    64      8  0.6335533E+00  0.0000000E+00  0.7736991E+00
         1    64      9  0.6336495E+00  0.0000000E+00  0.7736203E+00
         1    64     10  0.6332022E+00  0.0000000E+00  0.7739864E+00

         1    65      0  0.0000000E+00  0.0000000E+00  0.0000000E+00
         1    65      1  0.6327805E+00  0.0000000E+00  0.7743312E+00
         1    65      2  0.6329472E+00  0.0000000E+00  0.7741950E+00
         1    65      3  0.6330304E+00  0.0000000E+00  0.7741270E+00
         1    65      4  0.6331134E+00  0.0000000E+00  0.7740591E+00
         1    65      5  0.6331963E+00  0.0000000E+00  0.7739912E+00
         1    65      6  0.6332791E+00  0.0000000E+00  0.7739235E+00
         1    65      7  0.6333617E+00  0.0000000E+00  0.7738559E+00
         1    65      8  0.6334442E+00  0.0000000E+00  0.7737884E+00
         1    65      9  0.6335266E+00  0.0000000E+00  0.7737209E+00
         1    65     10  0.6333836E+00  0.0000000E+00  0.7738380E+00

         1    66      0  0.0000000E+00  0.0000000E+00  0.0000000E+00
         1    66      1  0.6327805E+00  0.0000000E+00  0.7743312E+00
         1    66      2  0.6329472E+00  0.0000000E+00  0.7741950E+00
         1    66      3  0.6330304E+00  0.0000000E+00  0.7741270E+00
         1    66      4  0.6331134E+00  0.0000000E+00  0.7740591E+00
         1    66      5  0.6331963E+00  0.0000000E+00  0.7739912E+00
         1    66      6  0.6332791E+00  0.0000000E+00  0.7739235E+00
         1    66      7  0.6333617E+00  0.0000000E+00  0.7738559E+00
         1    66      8  0.6334442E+00  0.0000000E+00  0.7737884E+00
         1    66      9  0.6335266E+00  0.0000000E+00  0.7737209E+00
         1    66     10  0.6333836E+00  0.0000000E+00  0.7738380E+00

         1    67      0  0.0000000E+00  0.0000000E+00  0.0000000E+00
         1    67      1  0.6966958E+00  0.0000000E+00  0.7173667E+00
         1    67      2  0.6968346E+00  0.0000000E+00  0.7172318E+00
         1    67      3  0.6969039E+00  0.0000000E+00  0.7171645E+00
         1    67      4  0.6969731E+00  0.0000000E+00  0.7170973E+00
         1    67      5  0.6970422E+00  0.0000000E+00  0.7170301E+00
         1    67      6  0.6971111E+00  0.0000000E+00  0.7169631E+00
         1    67      7  0.6971800E+00  0.0000000E+00  0.7168961E+00
         1    67      8  0.6972488E+00  0.0000000E+00  0.7168292E+00
         1    67      9  0.6973176E+00  0.0000000E+00  0.7167623E+00
         1    67     10  0.6972791E+00  0.0000000E+00  0.7167997E+00

         1    68      0  0.0000000E+00  0.0000000E+00  0.0000000E+00
         1    68      1  0.6966958E+00  0.0000000E+00  0.7173667E+00
         1    68      2  0.6968346E+00  0.0000000E+00  0.7172318E+00
         1    68      3  0.6969039E+00  0.0000000E+00  0.7171645E+00
         1    68      4  0.6969731E+00  0.0000000E+00  0.7170973E+00
         1    68      5  0.6970422E+00  0.0000000E+00  0.7170301E+00
         1    68      6  0.6971111E+00  0.0000000E+00  0.7169631E+00
         1    68      7  0.6971800E+00  0.0000000E+00  0.7168961E+00
         1    68      8  0.6972488E+00  0.0000000E+00  0.7168292E+00
         1    68      9  0.6973176E+00  0.0000000E+00  0.7167623E+00
         1    68     10  0.6972791E+00  0.0000000E+00  0.7167997E+00

         1    69      0  0.0000000E+00  0.0000000E+00  0.0000000E+00
         1    69      1  0.6966958E+00  0.0000000E+00  0.7173667E+00
         1    69      2  0.6968346E+00  0.0000000E+00  0.7172318E+00
         1    69      3  0.6969039E+00  0.0000000E+00  0.7171645E+00
         1    69      4  0.6969731E+00  0.0000000E+00  0.7170973E+00
         1    69      5  0.6970422E+00  0.0000000E+00  0.7170301E+00
         1    69      6  0.6971111E+00  0.0000000E+00  0.7169631E+00
         1    69      7  0.6971800E+00  0.0000000E+00  0.7168961E+00
         1    69      8  0.6972488E+00  0.0000000E+00  0.7168292E+00
         1    69      9  0.6973176E+00  0.0000000E+00  0.7167623E+00
         1    69     10  0.6972791E+00  0.0000000E+00  0.7167997E+00

         1    70      0  0.0000000E+00  0.0000000E+00  0.0000000E+00
         1    70      1  0.6966958E+00  0.0000000E+00  0.7173667E+00
         1    70      2  0.6968346E+00  0.0000000E+00  0.7172318E+00
         1    70      3  0.6969039E+00  0.0000000E+00  0.7171645E+00
         1    70      4  0.6969731E+00  0.0000000E+00  0.7170973E+00
         1    70      5  0.6970422E+00  0.0000000E+00  0.7170301E+00
         1    70      6  0.6971111E+00  0.0000000E+00  0.7169631E+00
         1    70      7  0.6971800E+00  0.0000000E+00  0.7168961E+00
         1    70      8  0.6972488E+00  0.0000000E+00  0.7168292E+00
         1    70      9  0.6973176E+00  0.0000000E+00  0.7167623E+00
         1    70     10  0.6972791E+00  0.0000000E+00  0.7167997E+00

         1    71      0  0.0000000E+00  0.0000000E+00  0.0000000E+00
         1    71      1  0.6966958E+00  0.0000000E+00  0.7173667E+00
         1    71      2  0.6967480E+00  0.0000000E+00  0.7173159E+00
         1    71      3  0.6967742E+00  0.0000000E+00  0.7172905E+00
         1    71      4  0.6968004E+00  0.0000000E+00  0.7172651E+00
         1    71      5  0.6968266E+00  0.0000000E+00  0.7172397E+00
         1    71      6  0.6968528E+00  0.0000000E+00  0.7172142E+00
         1    71      7  0.6968790E+00  0.0000000E+00  0.7171887E+00
         1    71      8  0.6969053E+00  0.0000000E+00  0.7171632E+00
         1    71      9  0.6969315E+00  0.0000000E+00  0.7171377E+00
         1    71     10  0.6967654E+00  0.0000000E+00  0.7172991E+00

         1    72      0  0.0000000E+00  0.0000000E+00  0.0000000E+00
         1    72      1  0.6966958E+00  0.0000000E+00  0.7173667E+00
         1    72      2  0.6966605E+00  0.0000000E+00  0.7174009E+00
         1    72      3  0.6966431E+00  0.0000000E+00  0.7174179E+00
         1    72      4  0.6966258E+00  0.0000000E+00  0.7174347E+00
         1    72      5  0.6966086E+00  0.0000000E+00  0.7174514E+00
         1    72      6  0.6965916E+00  0.0000000E+00  0.7174679E+00
         1    72      7  0.6965746E+00  0.0000000E+00  0.7174843E+00
         1    72      8  0.6965578E+00  0.0000000E+00  0.7175007E+00
         1    72      9  0.6965412E+00  0.0000000E+00  0.7175168E+00
         1    72     10  0.6962513E+00  0.0000000E+00  0.7177982E+00

         1    73      0  0.0000000E+00  0.0000000E+00  0.0000000E+00
         1    73      1  0.6966958E+00  0.0000000E+00  0.7173667E+00
         1    73      2  0.6966605E+00  0.0000000E+00  0.7174009E+00
         1    73      3  0.6966431E+00  0.0000000E+00  0.7174179E+00
         1    73      4  0.6966258E+00  0.0000000E+00  0.7174347E+00
         1    73      5  0.6966086E+00  0.0000000E+00  0.7174514E+00
         1    73      6  0.6965916E+00  0.0000000E+00  0.7174679E+00
         1    73      7  0.6965746E+00  0.0000000E+00  0.7174843E+00
         1    73      8  0.6965578E+00  0.0000000E+00  0.7175007E+00
         1    73      9  0.6965412E+00  0.0000000E+00  0.7175168E+00
         1    73     10  0.6962513E+00  0.0000000E+00  0.7177982E+00

         1    74      0  0.0000000E+00  0.0000000E+00  0.0000000E+00
         1    74      1  0.7555042E+00  0.0000000E+00  0.6551437E+00
         1    74      2  0.7554421E+00  0.0000000E+00  0.6552154E+00
         1    74      3  0.7554112E+00  0.0000000E+00  0.6552510E+00
         1    74      4  0.7553805E+00  0.0000000E+00  0.6552864E+00
         1    74      5  0.7553499E+00  0.0000000E+00  0.6553217E+00
         1    74      6  0.7553195E+00  0.0000000E+00  0.6553568E+00
         1    74      7  0.7552891E+00  0.0000000E+00  0.6553917E+00
         1    74      8  0.7552590E+00  0.0000000E+00  0.6554265E+00
         1    74      9  0.7552289E+00  0.0000000E+00  0.6554611E+00
         1    74     10  0.7551207E+00  0.0000000E+00  0.6555858E+00

         1    75      0  0.0000000E+00  0.0000000E+00  0.0000000E+00
         1    75      1  0.7555042E+00  0.0000000E+00  0.6551437E+00
         1    75      2  0.7554421E+00  0.0000000E+00  0.6552154E+00
         1    75      3  0.7554112E+00  0.0000000E+00  0.6552510E+00
         1    75      4  0.7553805E+00  0.0000000E+00  0.6552864E+00
         1    75      5  0.7553499E+00  0.0000000E+00  0.6553217E+00
         1    75      6  0.7553195E+00  0.0000000E+00  0.6553568E+00
         1    75      7  0.7552891E+00  0.0000000E+00  0.6553917E+00
         1    75      8  0.7552590E+00  0.0000000E+00  0.6554265E+00
         1    75      9  0.7552289E+00  0.0000000E+00  0.6554611E+00
         1    75     10  0.7551207E+00  0.0000000E+00  0.6555858E+00

         1    76      0  0.0000000E+00  0.0000000E+00  0.0000000E+00
         1    76      1  0.7555042E+00  0.0000000E+00  0.6551437E+00
         1    76      2  0.7554421E+00  0.0000000E+00  0.6552154E+00
         1    76      3  0.7554112E+00  0.0000000E+00  0.6552510E+00
         1    76      4  0.7553805E+00  0.0000000E+00  0.6552864E+00
         1    76      5  0.7553499E+00  0.0000000E+00  0.6553217E+00
         1    76      6  0.7553195E+00  0.0000000E+00  0.6553568E+00
         1    76      7  0.7552891E+00  0.0000000E+00  0.6553917E+00
         1    76      8  0.7552590E+00  0.0000000E+00  0.6554265E+00
         1    76      9  0.7552289E+00  0.0000000E+00  0.6554611E+00
         1    76     10  0.7551207E+00  0.0000000E+00  0.6555858E+00

         1    77      0  0.0000000E+00  0.0000000E+00  0.0000000E+00
         1    77      1  0.7555042E+00  0.0000000E+00  0.6551437E+00
         1    77      2  0.7554421E+00  0.0000000E+00  0.6552154E+00
         1    77      3  0.7554112E+00  0.0000000E+00  0.6552510E+00
         1    77      4  0.7553805E+00  0.0000000E+00  0.6552864E+00
         1    77      5  0.7553499E+00  0.0000000E+00  0.6553217E+00
         1    77      6  0.7553195E+00  0.0000000E+00  0.6553568E+00
         1    77      7  0.7552891E+00  0.0000000E+00  0.6553917E+00
         1    77      8  0.7552590E+00  0.0000000E+00  0.6554265E+00
         1    77      9  0.7552289E+00  0.0000000E+00  0.6554611E+00
         1    77     10  0.7551207E+00  0.0000000E+00  0.6555858E+00

         1    78      0  0.0000000E+00  0.0000000E+00  0.0000000E+00
         1    78      1  0.7555042E+00  0.0000000E+00  0.6551437E+00
         1    78      2  0.7554955E+00  0.0000000E+00  0.6551538E+00
         1    78      3  0.7554913E+00  0.0000000E+00  0.6551586E+00
         1    78      4  0.7554873E+00  0.0000000E+00  0.6551633E+00
         1    78      5  0.7554834E+00  0.0000000E+00  0.6551678E+00
         1    78      6  0.7554796E+00  0.0000000E+00  0.6551721E+00
         1    78      7  0.7554760E+00  0.0000000E+00  0.6551763E+00
         1    78      8  0.7554725E+00  0.0000000E+00  0.6551804E+00
         1    78      9  0.7554691E+00  0.0000000E+00  0.6551842E+00
         1    78     10  0.7552743E+00  0.0000000E+00  0.6554088E+00

         1    79      0  0.0000000E+00  0.0000000E+00  0.0000000E+00
         1    79      1  0.7555042E+00  0.0000000E+00  0.6551437E+00
         1    79      2  0.7555487E+00  0.0000000E+00  0.6550924E+00
         1    79      3  0.7555712E+00  0.0000000E+00  0.6550666E+00
         1    79      4  0.7555938E+00  0.0000000E+00  0.6550405E+00
         1    79      5  0.7556165E+00  0.0000000E+00  0.6550143E+00
         1    79      6  0.7556393E+00  0.0000000E+00  0.6549880E+00
         1    79      7  0.7556622E+00  0.0000000E+00  0.6549615E+00
         1    79      8  0.7556853E+00  0.0000000E+00  0.6549349E+00
         1    79      9  0.7557086E+00  0.0000000E+00  0.6549081E+00
         1    79     10  0.7554220E+00  0.0000000E+00  0.6552386E+00

         1    80      0  0.0000000E+00  0.0000000E+00  0.0000000E+00
         1    80      1  0.7555042E+00  0.0000000E+00  0.6551437E+00
         1    80      2  0.7555487E+00  0.0000000E+00  0.6550924E+00
         1    80      3  0.7555712E+00  0.0000000E+00  0.6550666E+00
         1    80      4  0.7555938E+00  0.0000000E+00  0.6550405E+00
         1    80      5  0.7556165E+00  0.0000000E+00  0.6550143E+00
         1    80      6  0.7556393E+00  0.0000000E+00  0.6549880E+00
         1    80      7  0.7556622E+00  0.0000000E+00  0.6549615E+00
         1    80      8  0.7556853E+00  0.0000000E+00  0.6549349E+00
         1    80      9  0.7557086E+00  0.0000000E+00  0.6549081E+00
         1    80     10  0.7554220E+00  0.0000000E+00  0.6552386E+00

         1    81      0  0.0000000E+00  0.0000000E+00  0.0000000E+00
         1    81      1  0.8087748E+00  0.0000000E+00  0.5881185E+00
         1    81      2  0.8087904E+00  0.0000000E+00  0.5880970E+00
         1    81      3  0.8087984E+00  0.0000000E+00  0.5880860E+00
         1    81      4  0.8088065E+00  0.0000000E+00  0.5880749E+00
         1    81      5  0.8088147E+00  0.0000000E+00  0.5880636E+00
         1    81      6  0.8088230E+00  0.0000000E+00  0.5880522E+00
         1    81      7  0.8088313E+00  0.0000000E+00  0.5880407E+00
         1    81      8  0.8088398E+00  0.0000000E+00  0.5880290E+00
         1    81      9  0.8088484E+00  0.0000000E+00  0.5880172E+00
         1    81     10  0.8088112E+00  0.0000000E+00  0.5880685E+00

         1    82      0  0.0000000E+00  0.0000000E+00  0.0000000E+00
         1    82      1  0.8087748E+00  0.0000000E+00  0.5881185E+00
         1    82      2  0.8087904E+00  0.0000000E+00  0.5880970E+00
         1    82      3  0.8087984E+00  0.0000000E+00  0.5880860E+00
         1    82      4  0.8088065E+00  0.0000000E+00  0.5880749E+00
         1    82      5  0.8088147E+00  0.0000000E+00  0.5880636E+00
         1    82      6  0.8088230E+00  0.0000000E+00  0.5880522E+00
         1    82      7  0.8088313E+00  0.0000000E+00  0.5880407E+00
         1    82      8  0.8088398E+00  0.0000000E+00  0.5880290E+00
         1    82      9  0.8088484E+00  0.0000000E+00  0.5880172E+00
         1    82     10  0.8088112E+00  0.0000000E+00  0.5880685E+00

         1    83      0  0.0000000E+00  0.0000000E+00  0.0000000E+00
         1    83      1  0.8087748E+00  0.0000000E+00  0.5881185E+00
         1    83      2  0.8087904E+00  0.0000000E+00  0.5880970E+00
         1    83      3  0.8087984E+00  0.0000000E+00  0.5880860E+00
         1    83      4  0.8088065E+00  0.0000000E+00  0.5880749E+00
         1    83      5  0.8088147E+00  0.0000000E+00  0.5880636E+00
         1    83      6  0.8088230E+00  0.0000000E+00  0.5880522E+00
         1    83      7  0.8088313E+00  0.0000000E+00  0.5880407E+00
         1    83      8  0.8088398E+00  0.0000000E+00  0.5880290E+00
         1    83      9  0.8088484E+00  0.0000000E+00  0.5880172E+00
         1    83     10  0.8088112E+00  0.0000000E+00  0.5880685E+00

         1    84      0  0.0000000E+00  0.0000000E+00  0.0000000E+00
         1    84      1  0.8087748E+00  0.0000000E+00  0.5881185E+00
         1    84      2  0.8087904E+00  0.0000000E+00  0.5880970E+00
         1    84      3  0.8087984E+00  0.0000000E+00  0.5880860E+00
         1    84      4  0.8088065E+00  0.0000000E+00  0.5880749E+00
         1    84      5  0.8088147E+00  0.0000000E+00  0.5880636E+00
         1    84      6  0.8088230E+00  0.0000000E+00  0.5880522E+00
         1    84      7  0.8088313E+00  0.0000000E+00  0.5880407E+00
         1    84      8  0.8088398E+00  0.0000000E+00  0.5880290E+00
         1    84      9  0.8088484E+00  0.0000000E+00  0.5880172E+00
         1    84     10  0.8088112E+00  0.0000000E+00  0.5880685E+00

         1    85      0  0.0000000E+00  0.0000000E+00  0.0000000E+00
         1    85      1  0.8087748E+00  0.0000000E+00  0.5881185E+00
         1    85      2  0.8087295E+00  0.0000000E+00  0.5881807E+00
         1    85      3  0.8087069E+00  0.0000000E+00  0.5882118E+00
         1    85      4  0.8086843E+00  0.0000000E+00  0.5882429E+00
         1    85      5  0.8086618E+00  0.0000000E+00  0.5882739E+00
         1    85      6  0.8086392E+00  0.0000000E+00  0.5883048E+00
         1    85      7  0.8086167E+00  0.0000000E+00  0.5883358E+00
         1    85      8  0.8085942E+00  0.0000000E+00  0.5883667E+00
         1    85      9  0.8085718E+00  0.0000000E+00  0.5883976E+00
         1    85     10  0.8087615E+00  0.0000000E+00  0.5881368E+00

         1    86      0  0.0000000E+00  0.0000000E+00  0.0000000E+00
         1    86      1  0.8087748E+00  0.0000000E+00  0.5881185E+00
         1    86      2  0.8086694E+00  0.0000000E+00  0.5882634E+00
         1    86      3  0.8086166E+00  0.0000000E+00  0.5883360E+00
         1    86      4  0.8085637E+00  0.0000000E+00  0.5884086E+00
         1    86      5  0.8085108E+00  0.0000000E+00  0.5884813E+00
         1    86      6  0.8084578E+00  0.0000000E+00  0.5885541E+00
         1    86      7  0.8084048E+00  0.0000000E+00  0.5886270E+00
         1    86      8  0.8083517E+00  0.0000000E+00  0.5886999E+00
         1    86      9  0.8082985E+00  0.0000000E+00  0.5887729E+00
         1    86     10  0.8087133E+00  0.0000000E+00  0.5882030E+00

         1    87      0  0.0000000E+00  0.0000000E+00  0.0000000E+00
         1    87      1  0.8087748E+00  0.0000000E+00  0.5881185E+00
         1    87      2  0.8086694E+00  0.0000000E+00  0.5882634E+00
         1    87      3  0.8086166E+00  0.0000000E+00  0.5883360E+00
         1    87      4  0.8085637E+00  0.0000000E+00  0.5884086E+00
         1    87      5  0.8085108E+00  0.0000000E+00  0.5884813E+00
         1    87      6  0.8084578E+00  0.0000000E+00  0.5885541E+00
         1    87      7  0.8084048E+00  0.0000000E+00  0.5886270E+00
         1    87      8  0.8083517E+00  0.0000000E+00  0.5886999E+00
         1    87      9  0.8082985E+00  0.0000000E+00  0.5887729E+00
         1    87     10  0.8087133E+00  0.0000000E+00  0.5882030E+00

         1    88      0  0.0000000E+00  0.0000000E+00  0.0000000E+00
         1    88      1  0.8561168E+00  0.0000000E+00  0.5167823E+00
         1    88      2  0.8560160E+00  0.0000000E+00  0.5169494E+00
         1    88      3  0.8559654E+00  0.0000000E+00  0.5170331E+00
         1    88      4  0.8559147E+00  0.0000000E+00  0.5171170E+00
         1    88      5  0.8558640E+00  0.0000000E+00  0.5172009E+00
         1    88      6  0.8558132E+00  0.0000000E+00  0.5172850E+00
         1    88      7  0.8557623E+00  0.0000000E+00  0.5173692E+00
         1    88      8  0.8557113E+00  0.0000000E+00  0.5174535E+00
         1    88      9  0.8556603E+00  0.0000000E+00  0.5175379E+00
         1    88     10  0.8561836E+00  0.0000000E+00  0.5166716E+00

         1    89      0  0.0000000E+00  0.0000000E+00  0.0000000E+00
         1    89      1  0.8561168E+00  0.0000000E+00  0.5167823E+00
         1    89      2  0.8560160E+00  0.0000000E+00  0.5169494E+00
         1    89      3  0.8559654E+00  0.0000000E+00  0.5170331E+00
         1    89      4  0.8559147E+00  0.0000000E+00  0.5171170E+00
         1    89      5  0.8558640E+00  0.0000000E+00  0.5172009E+00
         1    89      6  0.8558132E+00  0.0000000E+00  0.5172850E+00
         1    89      7  0.8557623E+00  0.0000000E+00  0.5173692E+00
         1    89      8  0.8557113E+00  0.0000000E+00  0.5174535E+00
         1    89      9  0.8556603E+00  0.0000000E+00  0.5175379E+00
         1    89     10  0.8561836E+00  0.0000000E+00  0.5166716E+00

         1    90      0  0.0000000E+00  0.0000000E+00  0.0000000E+00
         1    90      1  0.8561168E+00  0.0000000E+00  0.5167823E+00
         1    90      2  0.8559944E+00  0.0000000E+00  0.5169851E+00
         1    90      3  0.8559331E+00  0.0000000E+00  0.5170866E+00
         1    90      4  0.8558717E+00  0.0000000E+00  0.5171882E+00
         1    90      5  0.8558103E+00  0.0000000E+00  0.5172898E+00
         1    90      6  0.8557488E+00  0.0000000E+00  0.5173916E+00
         1    90      7  0.8556872E+00  0.0000000E+00  0.5174934E+00
         1    90      8  0.8556256E+00  0.0000000E+00  0.5175952E+00
         1    90      9  0.8555639E+00  0.0000000E+00  0.5176972E+00
         1    90     10  0.8561836E+00  0.0000000E+00  0.5166717E+00

         1    91      0  0.0000000E+00  0.0000000E+00  0.0000000E+00
         1    91      1  0.8561168E+00  0.0000000E+00  0.5167823E+00
         1    91      2  0.8559767E+00  0.0000000E+00  0.5170145E+00
         1    91      3  0.8559065E+00  0.0000000E+00  0.5171306E+00
         1    91      4  0.8558363E+00  0.0000000E+00  0.5172468E+00
         1    91      5  0.8557660E+00  0.0000000E+00  0.5173630E+00
         1    91      6  0.8556957E+00  0.0000000E+00  0.5174793E+00
         1    91      7  0.8556254E+00  0.0000000E+00  0.5175956E+00
         1    91      8  0.8555550E+00  0.0000000E+00  0.5177119E+00
         1    91      9  0.8554846E+00  0.0000000E+00  0.5178283E+00
         1    91     10  0.8561836E+00  0.0000000E+00  0.5166717E+00

         1    92      0  0.0000000E+00  0.0000000E+00  0.0000000E+00
         1    92      1  0.8561168E+00  0.0000000E+00  0.5167823E+00
         1    92      2  0.8559767E+00  0.0000000E+00  0.5170145E+00
         1    92      3  0.8559065E+00  0.0000000E+00  0.5171306E+00
         1    92      4  0.8558363E+00  0.0000000E+00  0.5172468E+00
         1    92      5  0.8557660E+00  0.0000000E+00  0.5173630E+00
         1    92      6  0.8556957E+00  0.0000000E+00  0.5174793E+00
         1    92      7  0.8556254E+00  0.0000000E+00  0.5175956E+00
         1    92      8  0.8555550E+00  0.0000000E+00  0.5177119E+00
         1    92      9  0.8554846E+00  0.0000000E+00  0.5178283E+00
         1    92     10  0.8561836E+00  0.0000000E+00  0.5166717E+00

         1    93      0  0.0000000E+00  0.0000000E+00  0.0000000E+00
         1    93      1  0.8561168E+00  0.0000000E+00  0.5167823E+00
         1    93      2  0.8559767E+00  0.0000000E+00  0.5170145E+00
         1    93      3  0.8559065E+00  0.0000000E+00  0.5171306E+00
         1    93      4  0.8558363E+00  0.0000000E+00  0.5172468E+00
         1    93      5  0.8557660E+00  0.0000000E+00  0.5173630E+00
         1    93      6  0.8556957E+00  0.0000000E+00  0.5174793E+00
         1    93      7  0.8556254E+00  0.0000000E+00  0.5175956E+00
         1    93      8  0.8555550E+00  0.0000000E+00  0.5177119E+00
         1    93      9  0.8554846E+00  0.0000000E+00  0.5178283E+00
         1    93     10  0.8561836E+00  0.0000000E+00  0.5166717E+00

         1    94      0  0.0000000E+00  0.0000000E+00  0.0000000E+00
         1    94      1  0.8561168E+00  0.0000000E+00  0.5167823E+00
         1    94      2  0.8559767E+00  0.0000000E+00  0.5170145E+00
         1    94      3  0.8559065E+00  0.0000000E+00  0.5171306E+00
         1    94      4  0.8558363E+00  0.0000000E+00  0.5172468E+00
         1    94      5  0.8557660E+00  0.0000000E+00  0.5173630E+00
         1    94      6  0.8556957E+00  0.0000000E+00  0.5174793E+00
         1    94      7  0.8556254E+00  0.0000000E+00  0.5175956E+00
         1    94      8  0.8555550E+00  0.0000000E+00  0.5177119E+00
         1    94      9  0.8554846E+00  0.0000000E+00  0.5178283E+00
         1    94     10  0.8561836E+00  0.0000000E+00  0.5166717E+00

         1    95      0  0.0000000E+00  0.0000000E+00  0.0000000E+00
         1    95      1  0.8561168E+00  0.0000000E+00  0.5167823E+00
         1    95      2  0.8561194E+00  0.0000000E+00  0.5167781E+00
         1    95      3  0.8561206E+00  0.0000000E+00  0.5167761E+00
         1    95      4  0.8561218E+00  0.0000000E+00  0.5167742E+00
         1    95      5  0.8561229E+00  0.0000000E+00  0.5167722E+00
         1    95      6  0.8561240E+00  0.0000000E+00  0.5167704E+00
         1    95      7  0.8561251E+00  0.0000000E+00  0.5167686E+00
         1    95      8  0.8561262E+00  0.0000000E+00  0.5167668E+00
         1    95      9  0.8561272E+00  0.0000000E+00  0.5167651E+00
         1    95     10  0.8561837E+00  0.0000000E+00  0.5166716E+00

         1    96      0  0.0000000E+00  0.0000000E+00  0.0000000E+00
         1    96      1  0.8561168E+00  0.0000000E+00  0.5167823E+00
         1    96      2  0.8562619E+00  0.0000000E+00  0.5165418E+00
         1    96      3  0.8563344E+00  0.0000000E+00  0.5164217E+00
         1    96      4  0.8564069E+00  0.0000000E+00  0.5163015E+00
         1    96      5  0.8564793E+00  0.0000000E+00  0.5161814E+00
         1    96      6  0.8565516E+00  0.0000000E+00  0.5160614E+00
         1    96      7  0.8566239E+00  0.0000000E+00  0.5159414E+00
         1    96      8  0.8566962E+00  0.0000000E+00  0.5158214E+00
         1    96      9  0.8567684E+00  0.0000000E+00  0.5157014E+00
         1    96     10  0.8561837E+00  0.0000000E+00  0.5166715E+00

         1    97      0  0.0000000E+00  0.0000000E+00  0.0000000E+00
         1    97      1  0.8561168E+00  0.0000000E+00  0.5167823E+00
         1    97      2  0.8562619E+00  0.0000000E+00  0.5165418E+00
         1    97      3  0.8563344E+00  0.0000000E+00  0.5164217E+00
         1    97      4  0.8564069E+00  0.0000000E+00  0.5163015E+00
         1    97      5  0.8564793E+00  0.0000000E+00  0.5161814E+00
         1    97      6  0.8565516E+00  0.0000000E+00  0.5160614E+00
         1    97      7  0.8566239E+00  0.0000000E+00  0.5159414E+00
         1    97      8  0.8566962E+00  0.0000000E+00  0.5158214E+00
         1    97      9  0.8567684E+00  0.0000000E+00  0.5157014E+00
         1    97     10  0.8561837E+00  0.0000000E+00  0.5166715E+00

         1    98      0  0.0000000E+00  0.0000000E+00  0.0000000E+00
         1    98      1  0.8561168E+00  0.0000000E+00  0.5167823E+00
         1    98      2  0.8562619E+00  0.0000000E+00  0.5165418E+00
         1    98      3  0.8563344E+00  0.0000000E+00  0.5164217E+00
         1    98      4  0.8564069E+00  0.0000000E+00  0.5163015E+00
         1    98      5  0.8564793E+00  0.0000000E+00  0.5161814E+00
         1    98      6  0.8565516E+00  0.0000000E+00  0.5160614E+00
         1    98      7  0.8566239E+00  0.0000000E+00  0.5159414E+00
         1    98      8  0.8566962E+00  0.0000000E+00  0.5158214E+00
         1    98      9  0.8567684E+00  0.0000000E+00  0.5157014E+00
         1    98     10  0.8561837E+00  0.0000000E+00  0.5166715E+00

         1    99      0  0.0000000E+00  0.0000000E+00  0.0000000E+00
         1    99      1  0.8561168E+00  0.0000000E+00  0.5167823E+00
         1    99      2  0.8562619E+00  0.0000000E+00  0.5165418E+00
         1    99      3  0.8563344E+00  0.0000000E+00  0.5164217E+00
         1    99      4  0.8564069E+00  0.0000000E+00  0.5163015E+00
         1    99      5  0.8564793E+00  0.0000000E+00  0.5161814E+00
         1    99      6  0.8565516E+00  0.0000000E+00  0.5160614E+00
         1    99      7  0.8566239E+00  0.0000000E+00  0.5159414E+00
         1    99      8  0.8566962E+00  0.0000000E+00  0.5158214E+00
         1    99      9  0.8567684E+00  0.0000000E+00  0.5157014E+00
         1    99     10  0.8561837E+00  0.0000000E+00  0.5166715E+00

         1   100      0  0.0000000E+00  0.0000000E+00  0.0000000E+00
         1   100      1  0.8561168E+00  0.0000000E+00  0.5167823E+00
         1   100      2  0.8562474E+00  0.0000000E+00  0.5165660E+00
         1   100      3  0.8563126E+00  0.0000000E+00  0.5164579E+00
         1   100      4  0.8563777E+00  0.0000000E+00  0.5163499E+00
         1   100      5  0.8564428E+00  0.0000000E+00  0.5162420E+00
         1   100      6  0.8565078E+00  0.0000000E+00  0.5161341E+00
         1   100      7  0.8565727E+00  0.0000000E+00  0.5160264E+00
         1   100      8  0.8566376E+00  0.0000000E+00  0.5159187E+00
         1   100      9  0.8567024E+00  0.0000000E+00  0.5158110E+00
         1   100     10  0.8561837E+00  0.0000000E+00  0.5166715E+00
