# number of spin vectors:      11
# iteration   EID vector   S_X            S_Y            S_Z
         0     0      0  0.0000000E+00  0.0000000E+00  0.0000000E+00
         0     0      1  0.0000000E+00  0.0000000E+00  0.1000000E+01
         0     0      2  0.0000000E+00  0.0000000E+00  0.1000000E+01
         0     0      3  0.0000000E+00  0.0000000E+00  0.1000000E+01
         0     0      4  0.0000000E+00  0.0000000E+00  0.1000000E+01
         0     0      5  0.0000000E+00  0.0000000E+00  0.1000000E+01
         0     0      6  0.0000000E+00  0.0000000E+00  0.1000000E+01
         0     0      7  0.0000000E+00  0.0000000E+00  0.1000000E+01
         0     0      8  0.0000000E+00  0.0000000E+00  0.1000000E+01
         0     0      9  0.0000000E+00  0.0000000E+00  0.1000000E+01
         0     0     10  0.0000000E+00  0.0000000E+00  0.1000000E+01

         1     1      0  0.0000000E+00  0.0000000E+00  0.0000000E+00
         1     1      1  0.0000000E+00  0.0000000E+00  0.1000000E+01
         1     1      2  0.8266501E-04  0.0000000E+00  0.1000000E+01
         1     1      3  0.1239975E-03  0.0000000E+00  0.1000000E+01
         1     1      4  0.1653300E-03  0.0000000E+00  0.1000000E+01
         1     1      5  0.2066625E-03  0.0000000E+00  0.1000000E+01
         1     1      6  0.2479950E-03  0.0000000E+00  0.1000000E+01
         1     1      7  0.2893275E-03  0.0000000E+00  0.1000000E+01
         1     1      8  0.3306600E-03  0.0000000E+00  0.9999999E+00
         1     1      9  0.3719925E-03  0.0000000E+00  0.9999999E+00
         1     1     10  0.0000000E+00  0.0000000E+00  0.1000000E+01

         1     2      0  0.0000000E+00  0.0000000E+00  0.0000000E+00
         1     2      1  0.0000000E+00  0.0000000E+00  0.1000000E+01
         1     2      2  0.8266501E-04  0.0000000E+00  0.1000000E+01
         1     2      3  0.1239975E-03  0.0000000E+00  0.1000000E+01
         1     2      4  0.1653300E-03  0.0000000E+00  0.1000000E+01
         1     2      5  0.2066625E-03  0.0000000E+00  0.1000000E+01
         1     2      6  0.2479950E-03  0.0000000E+00  0.1000000E+01
         1     2      7  0.2893275E-03  0.0000000E+00  0.1000000E+01
         1     2      8  0.3306600E-03  0.0000000E+00  0.9999999E+00
         1     2      9  0.3719925E-03  0.0000000E+00  0.9999999E+00
         1     2     10  0.0000000E+00  0.0000000E+00  0.1000000E+01

         1     3      0  0.0000000E+00  0.0000000E+00  0.0000000E+00
         1     3      1  0.8553769E-01  0.0000000E+00  0.9963349E+00
         1     3      2  0.8557604E-01  0.0000000E+00  0.9963316E+00
         1     3      3  0.8559521E-01  0.0000000E+00  0.9963300E+00
         1     3      4  0.8561438E-01  0.0000000E+00  0.9963283E+00
         1     3      5  0.8563355E-01  0.0000000E+00  0.9963267E+00
         1     3      6  0.8565272E-01  0.0000000E+00  0.9963251E+00
         1     3      7  0.8567189E-01  0.0000000E+00  0.9963234E+00
         1     3      8  0.8569105E-01  0.0000000E+00  0.9963218E+00
         1     3      9  0.8571022E-01  0.0000000E+00  0.9963201E+00
         1     3     10  0.8577058E-01  0.0000000E+00  0.9963149E+00

         1     4      0  0.0000000E+00  0.0000000E+00  0.0000000E+00
         1     4      1  0.8553769E-01  0.0000000E+00  0.9963349E+00
         1     4      2  0.8557604E-01  0.0000000E+00  0.9963316E+00
         1     4      3  0.8559521E-01  0.0000000E+00  0.9963300E+00
         1     4      4  0.8561438E-01  0.0000000E+00  0.9963283E+00
         1     4      5  0.8563355E-01  0.0000000E+00  0.9963267E+00
         1     4      6  0.8565272E-01  0.0000000E+00  0.9963251E+00
         1     4      7  0.8567189E-01  0.0000000E+00  0.9963234E+00
         1     4      8  0.8569105E-01  0.0000000E+00  0.9963218E+00
         1     4      9  0.8571022E-01  0.0000000E+00  0.9963201E+00
         1     4     10  0.8577058E-01  0.0000000E+00  0.9963149E+00

         1     5      0  0.0000000E+00  0.0000000E+00  0.0000000E+00
         1     5      1  0.8553769E-01  0.0000000E+00  0.9963349E+00
         1     5      2  0.8557600E-01  0.0000000E+00  0.9963316E+00
         1     5      3  0.8559512E-01  0.0000000E+00  0.9963300E+00
         1     5      4  0.8561422E-01  0.0000000E+00  0.9963284E+00
         1     5      5  0.8563331E-01  0.0000000E+00  0.9963267E+00
         1     5      6  0.8565237E-01  0.0000000E+00  0.9963251E+00
         1     5      7  0.8567141E-01  0.0000000E+00  0.9963234E+00
         1     5      8  0.8569043E-01  0.0000000E+00  0.9963218E+00
         1     5      9  0.8570942E-01  0.0000000E+00  0.9963202E+00
         1     5     10  0.8577057E-01  0.0000000E+00  0.9963149E+00

         1     6      0  0.0000000E+00  0.0000000E+00  0.0000000E+00
         1     6      1  0.8553769E-01  0.0000000E+00  0.9963349E+00
         1     6      2  0.8557600E-01  0.0000000E+00  0.9963316E+00
         1     6      3  0.8559512E-01  0.0000000E+00  0.9963300E+00
         1     6      4  0.8561422E-01  0.0000000E+00  0.9963284E+00
         1     6      5  0.8563331E-01  0.0000000E+00  0.9963267E+00
         1     6      6  0.8565237E-01  0.0000000E+00  0.9963251E+00
         1     6      7  0.8567141E-01  0.0000000E+00  0.9963234E+00
         1     6      8  0.8569043E-01  0.0000000E+00  0.9963218E+00
         1     6      9  0.8570942E-01  0.0000000E+00  0.9963202E+00
         1     6     10  0.8577057E-01  0.0000000E+00  0.9963149E+00

         1     7      0  0.0000000E+00  0.0000000E+00  0.0000000E+00
         1     7      1  0.8553769E-01  0.0000000E+00  0.9963349E+00
         1     7      2  0.8546187E-01  0.0000000E+00  0.9963414E+00
         1     7      3  0.8542392E-01  0.0000000E+00  0.9963447E+00
         1     7      4  0.8538595E-01  0.0000000E+00  0.9963480E+00
         1     7      5  0.8534797E-01  0.0000000E+00  0.9963512E+00
         1     7      6  0.8530996E-01  0.0000000E+00  0.9963545E+00
         1     7      7  0.8527192E-01  0.0000000E+00  0.9963577E+00
         1     7      8  0.8523387E-01  0.0000000E+00  0.9963610E+00
         1     7      9  0.8519580E-01  0.0000000E+00  0.9963642E+00
         1     7     10  0.8568892E-01  0.0000000E+00  0.9963219E+00

         1     8      0  0.0000000E+00  0.0000000E+00  0.0000000E+00
         1     8      1  0.8553769E-01  0.0000000E+00  0.9963349E+00
         1     8      2  0.8534907E-01  0.0000000E+00  0.9963511E+00
         1     8      3  0.8525472E-01  0.0000000E+00  0.9963592E+00
         1     8      4  0.8516035E-01  0.0000000E+00  0.9963673E+00
         1     8      5  0.8506596E-01  0.0000000E+00  0.9963753E+00
         1     8      6  0.8497155E-01  0.0000000E+00  0.9963834E+00
         1     8      7  0.8487711E-01  0.0000000E+00  0.9963914E+00
         1     8      8  0.8478265E-01  0.0000000E+00  0.9963995E+00
         1     8      9  0.8468817E-01  0.0000000E+00  0.9964075E+00
         1     8     10  0.8560479E-01  0.0000000E+00  0.9963292E+00

         1     9      0  0.0000000E+00  0.0000000E+00  0.0000000E+00
         1     9      1  0.8553769E-01  0.0000000E+00  0.9963349E+00
         1     9      2  0.8534907E-01  0.0000000E+00  0.9963511E+00
         1     9      3  0.8525472E-01  0.0000000E+00  0.9963592E+00
         1     9      4  0.8516035E-01  0.0000000E+00  0.9963673E+00
         1     9      5  0.8506596E-01  0.0000000E+00  0.9963753E+00
         1     9      6  0.8497155E-01  0.0000000E+00  0.9963834E+00
         1     9      7  0.8487711E-01  0.0000000E+00  0.9963914E+00
         1     9      8  0.8478265E-01  0.0000000E+00  0.9963995E+00
         1     9      9  0.8468817E-01  0.0000000E+00  0.9964075E+00
         1     9     10  0.8560479E-01  0.0000000E+00  0.9963292E+00

         1    10      0  0.0000000E+00  0.0000000E+00  0.0000000E+00
         1    10      1  0.1704484E+00  0.0000000E+00  0.9853666E+00
         1    10      2  0.1702429E+00  0.0000000E+00  0.9854021E+00
         1    10      3  0.1701401E+00  0.0000000E+00  0.9854199E+00
         1    10      4  0.1700374E+00  0.0000000E+00  0.9854376E+00
         1    10      5  0.1699345E+00  0.0000000E+00  0.9854554E+00
         1    10      6  0.1698317E+00  0.0000000E+00  0.9854731E+00
         1    10      7  0.1697288E+00  0.0000000E+00  0.9854908E+00
         1    10      8  0.1696259E+00  0.0000000E+00  0.9855085E+00
         1    10      9  0.1695230E+00  0.0000000E+00  0.9855262E+00
         1    10     10  0.1706994E+00  0.0000000E+00  0.9853231E+00

         1    11      0  0.0000000E+00  0.0000000E+00  0.0000000E+00
         1    11      1  0.1704484E+00  0.0000000E+00  0.9853666E+00
         1    11      2  0.1702429E+00  0.0000000E+00  0.9854021E+00
         1    11      3  0.1701401E+00  0.0000000E+00  0.9854199E+00
         1    11      4  0.1700374E+00  0.0000000E+00  0.9854376E+00
         1    11      5  0.1699345E+00  0.0000000E+00  0.9854554E+00
         1    11      6  0.1698317E+00  0.0000000E+00  0.9854731E+00
         1    11      7  0.1697288E+00  0.0000000E+00  0.9854908E+00
         1    11      8  0.1696259E+00  0.0000000E+00  0.9855085E+00
         1    11      9  0.1695230E+00  0.0000000E+00  0.9855262E+00
         1    11     10  0.1706994E+00  0.0000000E+00  0.9853231E+00

         1    12      0  0.0000000E+00  0.0000000E+00  0.0000000E+00
         1    12      1  0.1704484E+00  0.0000000E+00  0.9853666E+00
         1    12      2  0.1702429E+00  0.0000000E+00  0.9854021E+00
         1    12      3  0.1701402E+00  0.0000000E+00  0.9854199E+00
         1    12      4  0.1700374E+00  0.0000000E+00  0.9854376E+00
         1    12      5  0.1699345E+00  0.0000000E+00  0.9854554E+00
         1    12      6  0.1698317E+00  0.0000000E+00  0.9854731E+00
         1    12      7  0.1697289E+00  0.0000000E+00  0.9854908E+00
         1    12      8  0.1696260E+00  0.0000000E+00  0.9855085E+00
         1    12      9  0.1695231E+00  0.0000000E+00  0.9855262E+00
         1    12     10  0.1706996E+00  0.0000000E+00  0.9853231E+00

         1    13      0  0.0000000E+00  0.0000000E+00  0.0000000E+00
         1    13      1  0.1704484E+00  0.0000000E+00  0.9853666E+00
         1    13      2  0.1702429E+00  0.0000000E+00  0.9854021E+00
         1    13      3  0.1701402E+00  0.0000000E+00  0.9854199E+00
         1    13      4  0.1700374E+00  0.0000000E+00  0.9854376E+00
         1    13      5  0.1699345E+00  0.0000000E+00  0.9854554E+00
         1    13      6  0.1698317E+00  0.0000000E+00  0.9854731E+00
         1    13      7  0.1697289E+00  0.0000000E+00  0.9854908E+00
         1    13      8  0.1696260E+00  0.0000000E+00  0.9855085E+00
         1    13      9  0.1695231E+00  0.0000000E+00  0.9855262E+00
         1    13     10  0.1706996E+00  0.0000000E+00  0.9853231E+00

         1    14      0  0.0000000E+00  0.0000000E+00  0.0000000E+00
         1    14      1  0.1704484E+00  0.0000000E+00  0.9853666E+00
         1    14      2  0.1702046E+00  0.0000000E+00  0.9854088E+00
         1    14      3  0.1700826E+00  0.0000000E+00  0.9854298E+00
         1    14      4  0.1699605E+00  0.0000000E+00  0.9854509E+00
         1    14      5  0.1698385E+00  0.0000000E+00  0.9854719E+00
         1    14      6  0.1697163E+00  0.0000000E+00  0.9854930E+00
         1    14      7  0.1695942E+00  0.0000000E+00  0.9855140E+00
         1    14      8  0.1694719E+00  0.0000000E+00  0.9855350E+00
         1    14      9  0.1693497E+00  0.0000000E+00  0.9855560E+00
         1    14     10  0.1709216E+00  0.0000000E+00  0.9852846E+00

         1    15      0  0.0000000E+00  0.0000000E+00  0.0000000E+00
         1    15      1  0.1704484E+00  0.0000000E+00  0.9853666E+00
         1    15      2  0.1701614E+00  0.0000000E+00  0.9854162E+00
         1    15      3  0.1700178E+00  0.0000000E+00  0.9854410E+00
         1    15      4  0.1698741E+00  0.0000000E+00  0.9854658E+00
         1    15      5  0.1697303E+00  0.0000000E+00  0.9854905E+00
         1    15      6  0.1695865E+00  0.0000000E+00  0.9855153E+00
         1    15      7  0.1694426E+00  0.0000000E+00  0.9855401E+00
         1    15      8  0.1692986E+00  0.0000000E+00  0.9855648E+00
         1    15      9  0.1691546E+00  0.0000000E+00  0.9855895E+00
         1    15     10  0.1711524E+00  0.0000000E+00  0.9852446E+00

         1    16      0  0.0000000E+00  0.0000000E+00  0.0000000E+00
         1    16      1  0.1704484E+00  0.0000000E+00  0.9853666E+00
         1    16      2  0.1701614E+00  0.0000000E+00  0.9854162E+00
         1    16      3  0.1700178E+00  0.0000000E+00  0.9854410E+00
         1    16      4  0.1698741E+00  0.0000000E+00  0.9854658E+00
         1    16      5  0.1697303E+00  0.0000000E+00  0.9854905E+00
         1    16      6  0.1695865E+00  0.0000000E+00  0.9855153E+00
         1    16      7  0.1694426E+00  0.0000000E+00  0.9855401E+00
         1    16      8  0.1692986E+00  0.0000000E+00  0.9855648E+00
         1    16      9  0.1691546E+00  0.0000000E+00  0.9855895E+00
         1    16     10  0.1711524E+00  0.0000000E+00  0.9852446E+00

         1    17      0  0.0000000E+00  0.0000000E+00  0.0000000E+00
         1    17      1  0.2541097E+00  0.0000000E+00  0.9671754E+00
         1    17      2  0.2538892E+00  0.0000000E+00  0.9672333E+00
         1    17      3  0.2537789E+00  0.0000000E+00  0.9672622E+00
         1    17      4  0.2536686E+00  0.0000000E+00  0.9672912E+00
         1    17      5  0.2535582E+00  0.0000000E+00  0.9673201E+00
         1    17      6  0.2534477E+00  0.0000000E+00  0.9673491E+00
         1    17      7  0.2533371E+00  0.0000000E+00  0.9673781E+00
         1    17      8  0.2532265E+00  0.0000000E+00  0.9674070E+00
         1    17      9  0.2531158E+00  0.0000000E+00  0.9674360E+00
         1    17     10  0.2548338E+00  0.0000000E+00  0.9669849E+00

         1    18      0  0.0000000E+00  0.0000000E+00  0.0000000E+00
         1    18      1  0.2541097E+00  0.0000000E+00  0.9671754E+00
         1    18      2  0.2538892E+00  0.0000000E+00  0.9672333E+00
         1    18      3  0.2537789E+00  0.0000000E+00  0.9672622E+00
         1    18      4  0.2536686E+00  0.0000000E+00  0.9672912E+00
         1    18      5  0.2535582E+00  0.0000000E+00  0.9673201E+00
         1    18      6  0.2534477E+00  0.0000000E+00  0.9673491E+00
         1    18      7  0.2533371E+00  0.0000000E+00  0.9673781E+00
         1    18      8  0.2532265E+00  0.0000000E+00  0.9674070E+00
         1    18      9  0.2531158E+00  0.0000000E+00  0.9674360E+00
         1    18     10  0.2548338E+00  0.0000000E+00  0.9669849E+00

         1    19      0  0.0000000E+00  0.0000000E+00  0.0000000E+00
         1    19      1  0.2541097E+00  0.0000000E+00  0.9671754E+00
         1    19      2  0.2538892E+00  0.0000000E+00  0.9672333E+00
         1    19      3  0.2537788E+00  0.0000000E+00  0.9672623E+00
         1    19      4  0.2536683E+00  0.0000000E+00  0.9672913E+00
         1    19      5  0.2535577E+00  0.0000000E+00  0.9673203E+00
         1    19      6  0.2534471E+00  0.0000000E+00  0.9673493E+00
         1    19      7  0.2533363E+00  0.0000000E+00  0.9673783E+00
         1    19      8  0.2532254E+00  0.0000000E+00  0.9674073E+00
         1    19      9  0.2531145E+00  0.0000000E+00  0.9674363E+00
         1    19     10  0.2548332E+00  0.0000000E+00  0.9669850E+00

         1    20      0  0.0000000E+00  0.0000000E+00  0.0000000E+00
         1    20      1  0.2541097E+00  0.0000000E+00  0.9671754E+00
         1    20      2  0.2538892E+00  0.0000000E+00  0.9672333E+00
         1    20      3  0.2537788E+00  0.0000000E+00  0.9672623E+00
         1    20      4  0.2536683E+00  0.0000000E+00  0.9672913E+00
         1    20      5  0.2535577E+00  0.0000000E+00  0.9673203E+00
         1    20      6  0.2534471E+00  0.0000000E+00  0.9673493E+00
         1    20      7  0.2533363E+00  0.0000000E+00  0.9673783E+00
         1    20      8  0.2532254E+00  0.0000000E+00  0.9674073E+00
         1    20      9  0.2531145E+00  0.0000000E+00  0.9674363E+00
         1    20     10  0.2548332E+00  0.0000000E+00  0.9669850E+00

         1    21      0  0.0000000E+00  0.0000000E+00  0.0000000E+00
         1    21      1  0.2541097E+00  0.0000000E+00  0.9671754E+00
         1    21      2  0.2541096E+00  0.0000000E+00  0.9671754E+00
         1    21      3  0.2541095E+00  0.0000000E+00  0.9671755E+00
         1    21      4  0.2541094E+00  0.0000000E+00  0.9671755E+00
         1    21      5  0.2541092E+00  0.0000000E+00  0.9671755E+00
         1    21      6  0.2541090E+00  0.0000000E+00  0.9671756E+00
         1    21      7  0.2541087E+00  0.0000000E+00  0.9671757E+00
         1    21      8  0.2541085E+00  0.0000000E+00  0.9671757E+00
         1    21      9  0.2541081E+00  0.0000000E+00  0.9671758E+00
         1    21     10  0.2541403E+00  0.0000000E+00  0.9671674E+00

         1    22      0  0.0000000E+00  0.0000000E+00  0.0000000E+00
         1    22      1  0.2541097E+00  0.0000000E+00  0.9671754E+00
         1    22      2  0.2543300E+00  0.0000000E+00  0.9671175E+00
         1    22      3  0.2544402E+00  0.0000000E+00  0.9670885E+00
         1    22      4  0.2545504E+00  0.0000000E+00  0.9670595E+00
         1    22      5  0.2546606E+00  0.0000000E+00  0.9670305E+00
         1    22      6  0.2547708E+00  0.0000000E+00  0.9670015E+00
         1    22      7  0.2548810E+00  0.0000000E+00  0.9669724E+00
         1    22      8  0.2549913E+00  0.0000000E+00  0.9669433E+00
         1    22      9  0.2551016E+00  0.0000000E+00  0.9669143E+00
         1    22     10  0.2534474E+00  0.0000000E+00  0.9673492E+00

         1    23      0  0.0000000E+00  0.0000000E+00  0.0000000E+00
         1    23      1  0.2541097E+00  0.0000000E+00  0.9671754E+00
         1    23      2  0.2543300E+00  0.0000000E+00  0.9671175E+00
         1    23      3  0.2544402E+00  0.0000000E+00  0.9670885E+00
         1    23      4  0.2545504E+00  0.0000000E+00  0.9670595E+00
         1    23      5  0.2546606E+00  0.0000000E+00  0.9670305E+00
         1    23      6  0.2547708E+00  0.0000000E+00  0.9670015E+00
         1    23      7  0.2548810E+00  0.0000000E+00  0.9669724E+00
         1    23      8  0.2549913E+00  0.0000000E+00  0.9669433E+00
         1    23      9  0.2551016E+00  0.0000000E+00  0.9669143E+00
         1    23     10  0.2534474E+00  0.0000000E+00  0.9673492E+00

         1    24      0  0.0000000E+00  0.0000000E+00  0.0000000E+00
         1    24      1  0.3359083E+00  0.0000000E+00  0.9418947E+00
         1    24      2  0.3361825E+00  0.0000000E+00  0.9417968E+00
         1    24      3  0.3363197E+00  0.0000000E+00  0.9417479E+00
         1    24      4  0.3364569E+00  0.0000000E+00  0.9416989E+00
         1    24      5  0.3365941E+00  0.0000000E+00  0.9416498E+00
         1    24      6  0.3367314E+00  0.0000000E+00  0.9416008E+00
         1    24      7  0.3368686E+00  0.0000000E+00  0.9415517E+00
         1    24      8  0.3370059E+00  0.0000000E+00  0.9415025E+00
         1    24      9  0.3371432E+00  0.0000000E+00  0.9414534E+00
         1    24     10  0.3352957E+00  0.0000000E+00  0.9421129E+00

         1    25      0  0.0000000E+00  0.0000000E+00  0.0000000E+00
         1    25      1  0.3359083E+00  0.0000000E+00  0.9418947E+00
         1    25      2  0.3361825E+00  0.0000000E+00  0.9417968E+00
         1    25      3  0.3363197E+00  0.0000000E+00  0.9417479E+00
         1    25      4  0.3364569E+00  0.0000000E+00  0.9416989E+00
         1    25      5  0.3365941E+00  0.0000000E+00  0.9416498E+00
         1    25      6  0.3367314E+00  0.0000000E+00  0.9416008E+00
         1    25      7  0.3368686E+00  0.0000000E+00  0.9415517E+00
         1    25      8  0.3370059E+00  0.0000000E+00  0.9415025E+00
         1    25      9  0.3371432E+00  0.0000000E+00  0.9414534E+00
         1    25     10  0.3352957E+00  0.0000000E+00  0.9421129E+00

         1    26      0  0.0000000E+00  0.0000000E+00  0.0000000E+00
         1    26      1  0.3359083E+00  0.0000000E+00  0.9418947E+00
         1    26      2  0.3361826E+00  0.0000000E+00  0.9417968E+00
         1    26      3  0.3363197E+00  0.0000000E+00  0.9417479E+00
         1    26      4  0.3364569E+00  0.0000000E+00  0.9416989E+00
         1    26      5  0.3365942E+00  0.0000000E+00  0.9416498E+00
         1    26      6  0.3367314E+00  0.0000000E+00  0.9416007E+00
         1    26      7  0.3368687E+00  0.0000000E+00  0.9415516E+00
         1    26      8  0.3370061E+00  0.0000000E+00  0.9415025E+00
         1    26      9  0.3371434E+00  0.0000000E+00  0.9414533E+00
         1    26     10  0.3352959E+00  0.0000000E+00  0.9421129E+00

         1    27      0  0.0000000E+00  0.0000000E+00  0.0000000E+00
         1    27      1  0.3359083E+00  0.0000000E+00  0.9418947E+00
         1    27      2  0.3361826E+00  0.0000000E+00  0.9417968E+00
         1    27      3  0.3363197E+00  0.0000000E+00  0.9417479E+00
         1    27      4  0.3364569E+00  0.0000000E+00  0.9416989E+00
         1    27      5  0.3365942E+00  0.0000000E+00  0.9416498E+00
         1    27      6  0.3367314E+00  0.0000000E+00  0.9416007E+00
         1    27      7  0.3368687E+00  0.0000000E+00  0.9415516E+00
         1    27      8  0.3370061E+00  0.0000000E+00  0.9415025E+00
         1    27      9  0.3371434E+00  0.0000000E+00  0.9414533E+00
         1    27     10  0.3352959E+00  0.0000000E+00  0.9421129E+00

         1    28      0  0.0000000E+00  0.0000000E+00  0.0000000E+00
         1    28      1  0.3359083E+00  0.0000000E+00  0.9418947E+00
         1    28      2  0.3361412E+00  0.0000000E+00  0.9418116E+00
         1    28      3  0.3362577E+00  0.0000000E+00  0.9417700E+00
         1    28      4  0.3363741E+00  0.0000000E+00  0.9417285E+00
         1    28      5  0.3364904E+00  0.0000000E+00  0.9416869E+00
         1    28      6  0.3366068E+00  0.0000000E+00  0.9416453E+00
         1    28      7  0.3367231E+00  0.0000000E+00  0.9416037E+00
         1    28      8  0.3368395E+00  0.0000000E+00  0.9415621E+00
         1    28      9  0.3369557E+00  0.0000000E+00  0.9415205E+00
         1    28     10  0.3355162E+00  0.0000000E+00  0.9420344E+00

         1    29      0  0.0000000E+00  0.0000000E+00  0.0000000E+00
         1    29      1  0.3359083E+00  0.0000000E+00  0.9418947E+00
         1    29      2  0.3361045E+00  0.0000000E+00  0.9418247E+00
         1    29      3  0.3362025E+00  0.0000000E+00  0.9417897E+00
         1    29      4  0.3363004E+00  0.0000000E+00  0.9417548E+00
         1    29      5  0.3363982E+00  0.0000000E+00  0.9417198E+00
         1    29      6  0.3364959E+00  0.0000000E+00  0.9416849E+00
         1    29      7  0.3365936E+00  0.0000000E+00  0.9416500E+00
         1    29      8  0.3366912E+00  0.0000000E+00  0.9416151E+00
         1    29      9  0.3367887E+00  0.0000000E+00  0.9415803E+00
         1    29     10  0.3357280E+00  0.0000000E+00  0.9419590E+00

         1    30      0  0.0000000E+00  0.0000000E+00  0.0000000E+00
         1    30      1  0.3359083E+00  0.0000000E+00  0.9418947E+00
         1    30      2  0.3361045E+00  0.0000000E+00  0.9418247E+00
         1    30      3  0.3362025E+00  0.0000000E+00  0.9417897E+00
         1    30      4  0.3363004E+00  0.0000000E+00  0.9417548E+00
         1    30      5  0.3363982E+00  0.0000000E+00  0.9417198E+00
         1    30      6  0.3364959E+00  0.0000000E+00  0.9416849E+00
         1    30      7  0.3365936E+00  0.0000000E+00  0.9416500E+00
         1    30      8  0.3366912E+00  0.0000000E+00  0.9416151E+00
         1    30      9  0.3367887E+00  0.0000000E+00  0.9415803E+00
         1    30     10  0.3357280E+00  0.0000000E+00  0.9419590E+00

         1    31      0  0.0000000E+00  0.0000000E+00  0.0000000E+00
         1    31      1  0.4152447E+00  0.0000000E+00  0.9097098E+00
         1    31      2  0.4154167E+00  0.0000000E+00  0.9096312E+00
         1    31      3  0.4155027E+00  0.0000000E+00  0.9095919E+00
         1    31      4  0.4155886E+00  0.0000000E+00  0.9095527E+00
         1    31      5  0.4156745E+00  0.0000000E+00  0.9095134E+00
         1    31      6  0.4157603E+00  0.0000000E+00  0.9094742E+00
         1    31      7  0.4158461E+00  0.0000000E+00  0.9094350E+00
         1    31      8  0.4159318E+00  0.0000000E+00  0.9093958E+00
         1    31      9  0.4160175E+00  0.0000000E+00  0.9093566E+00
         1    31     10  0.4152414E+00  0.0000000E+00  0.9097113E+00

         1    32      0  0.0000000E+00  0.0000000E+00  0.0000000E+00
         1    32      1  0.4152447E+00  0.0000000E+00  0.9097098E+00
         1    32      2  0.4154167E+00  0.0000000E+00  0.9096312E+00
         1    32      3  0.4155027E+00  0.0000000E+00  0.9095919E+00
         1    32      4  0.4155886E+00  0.0000000E+00  0.9095527E+00
         1    32      5  0.4156745E+00  0.0000000E+00  0.9095134E+00
         1    32      6  0.4157603E+00  0.0000000E+00  0.9094742E+00
         1    32      7  0.4158461E+00  0.0000000E+00  0.9094350E+00
         1    32      8  0.4159318E+00  0.0000000E+00  0.9093958E+00
         1    32      9  0.4160175E+00  0.0000000E+00  0.9093566E+00
         1    32     10  0.4152414E+00  0.0000000E+00  0.9097113E+00

         1    33      0  0.0000000E+00  0.0000000E+00  0.0000000E+00
         1    33      1  0.4152447E+00  0.0000000E+00  0.9097098E+00
         1    33      2  0.4154167E+00  0.0000000E+00  0.9096312E+00
         1    33      3  0.4155026E+00  0.0000000E+00  0.9095920E+00
         1    33      4  0.4155885E+00  0.0000000E+00  0.9095527E+00
         1    33      5  0.4156743E+00  0.0000000E+00  0.9095135E+00
         1    33      6  0.4157600E+00  0.0000000E+00  0.9094744E+00
         1    33      7  0.4158457E+00  0.0000000E+00  0.9094352E+00
         1    33      8  0.4159313E+00  0.0000000E+00  0.9093960E+00
         1    33      9  0.4160168E+00  0.0000000E+00  0.9093569E+00
         1    33     10  0.4152414E+00  0.0000000E+00  0.9097113E+00

         1    34      0  0.0000000E+00  0.0000000E+00  0.0000000E+00
         1    34      1  0.4152447E+00  0.0000000E+00  0.9097098E+00
         1    34      2  0.4154167E+00  0.0000000E+00  0.9096312E+00
         1    34      3  0.4155026E+00  0.0000000E+00  0.9095920E+00
         1    34      4  0.4155885E+00  0.0000000E+00  0.9095527E+00
         1    34      5  0.4156743E+00  0.0000000E+00  0.9095135E+00
         1    34      6  0.4157600E+00  0.0000000E+00  0.9094744E+00
         1    34      7  0.4158457E+00  0.0000000E+00  0.9094352E+00
         1    34      8  0.4159313E+00  0.0000000E+00  0.9093960E+00
         1    34      9  0.4160168E+00  0.0000000E+00  0.9093569E+00
         1    34     10  0.4152414E+00  0.0000000E+00  0.9097113E+00

         1    35      0  0.0000000E+00  0.0000000E+00  0.0000000E+00
         1    35      1  0.4152447E+00  0.0000000E+00  0.9097098E+00
         1    35      2  0.4153139E+00  0.0000000E+00  0.9096782E+00
         1    35      3  0.4153486E+00  0.0000000E+00  0.9096623E+00
         1    35      4  0.4153832E+00  0.0000000E+00  0.9096465E+00
         1    35      5  0.4154179E+00  0.0000000E+00  0.9096307E+00
         1    35      6  0.4154527E+00  0.0000000E+00  0.9096148E+00
         1    35      7  0.4154874E+00  0.0000000E+00  0.9095989E+00
         1    35      8  0.4155222E+00  0.0000000E+00  0.9095830E+00
         1    35      9  0.4155570E+00  0.0000000E+00  0.9095671E+00
         1    35     10  0.4151656E+00  0.0000000E+00  0.9097458E+00

         1    36      0  0.0000000E+00  0.0000000E+00  0.0000000E+00
         1    36      1  0.4152447E+00  0.0000000E+00  0.9097098E+00
         1    36      2  0.4152099E+00  0.0000000E+00  0.9097257E+00
         1    36      3  0.4151926E+00  0.0000000E+00  0.9097335E+00
         1    36      4  0.4151755E+00  0.0000000E+00  0.9097413E+00
         1    36      5  0.4151585E+00  0.0000000E+00  0.9097491E+00
         1    36      6  0.4151416E+00  0.0000000E+00  0.9097568E+00
         1    36      7  0.4151248E+00  0.0000000E+00  0.9097645E+00
         1    36      8  0.4151082E+00  0.0000000E+00  0.9097721E+00
         1    36      9  0.4150916E+00  0.0000000E+00  0.9097796E+00
         1    36     10  0.4150922E+00  0.0000000E+00  0.9097794E+00

         1    37      0  0.0000000E+00  0.0000000E+00  0.0000000E+00
         1    37      1  0.4152447E+00  0.0000000E+00  0.9097098E+00
         1    37      2  0.4152099E+00  0.0000000E+00  0.9097257E+00
         1    37      3  0.4151926E+00  0.0000000E+00  0.9097335E+00
         1    37      4  0.4151755E+00  0.0000000E+00  0.9097413E+00
         1    37      5  0.4151585E+00  0.0000000E+00  0.9097491E+00
         1    37      6  0.4151416E+00  0.0000000E+00  0.9097568E+00
         1    37      7  0.4151248E+00  0.0000000E+00  0.9097645E+00
         1    37      8  0.4151082E+00  0.0000000E+00  0.9097721E+00
         1    37      9  0.4150916E+00  0.0000000E+00  0.9097796E+00
         1    37     10  0.4150922E+00  0.0000000E+00  0.9097794E+00

         1    38      0  0.0000000E+00  0.0000000E+00  0.0000000E+00
         1    38      1  0.4915372E+00  0.0000000E+00  0.8708566E+00
         1    38      2  0.4914655E+00  0.0000000E+00  0.8708970E+00
         1    38      3  0.4914298E+00  0.0000000E+00  0.8709172E+00
         1    38      4  0.4913943E+00  0.0000000E+00  0.8709372E+00
         1    38      5  0.4913588E+00  0.0000000E+00  0.8709572E+00
         1    38      6  0.4913235E+00  0.0000000E+00  0.8709772E+00
         1    38      7  0.4912883E+00  0.0000000E+00  0.8709970E+00
         1    38      8  0.4912533E+00  0.0000000E+00  0.8710168E+00
         1    38      9  0.4912184E+00  0.0000000E+00  0.8710365E+00
         1    38     10  0.4915951E+00  0.0000000E+00  0.8708239E+00

         1    39      0  0.0000000E+00  0.0000000E+00  0.0000000E+00
         1    39      1  0.4915372E+00  0.0000000E+00  0.8708566E+00
         1    39      2  0.4914655E+00  0.0000000E+00  0.8708970E+00
         1    39      3  0.4914298E+00  0.0000000E+00  0.8709172E+00
         1    39      4  0.4913943E+00  0.0000000E+00  0.8709372E+00
         1    39      5  0.4913588E+00  0.0000000E+00  0.8709572E+00
         1    39      6  0.4913235E+00  0.0000000E+00  0.8709772E+00
         1    39      7  0.4912883E+00  0.0000000E+00  0.8709970E+00
         1    39      8  0.4912533E+00  0.0000000E+00  0.8710168E+00
         1    39      9  0.4912184E+00  0.0000000E+00  0.8710365E+00
         1    39     10  0.4915951E+00  0.0000000E+00  0.8708239E+00

         1    40      0  0.0000000E+00  0.0000000E+00  0.0000000E+00
         1    40      1  0.4915372E+00  0.0000000E+00  0.8708566E+00
         1    40      2  0.4915375E+00  0.0000000E+00  0.8708564E+00
         1    40      3  0.4915378E+00  0.0000000E+00  0.8708562E+00
         1    40      4  0.4915382E+00  0.0000000E+00  0.8708560E+00
         1    40      5  0.4915388E+00  0.0000000E+00  0.8708557E+00
         1    40      6  0.4915395E+00  0.0000000E+00  0.8708553E+00
         1    40      7  0.4915404E+00  0.0000000E+00  0.8708548E+00
         1    40      8  0.4915413E+00  0.0000000E+00  0.8708543E+00
         1    40      9  0.4915424E+00  0.0000000E+00  0.8708536E+00
         1    40     10  0.4915951E+00  0.0000000E+00  0.8708239E+00

         1    41      0  0.0000000E+00  0.0000000E+00  0.0000000E+00
         1    41      1  0.4915372E+00  0.0000000E+00  0.8708566E+00
         1    41      2  0.4915907E+00  0.0000000E+00  0.8708264E+00
         1    41      3  0.4916177E+00  0.0000000E+00  0.8708112E+00
         1    41      4  0.4916448E+00  0.0000000E+00  0.8707959E+00
         1    41      5  0.4916720E+00  0.0000000E+00  0.8707805E+00
         1    41      6  0.4916993E+00  0.0000000E+00  0.8707651E+00
         1    41      7  0.4917268E+00  0.0000000E+00  0.8707496E+00
         1    41      8  0.4917544E+00  0.0000000E+00  0.8707340E+00
         1    41      9  0.4917821E+00  0.0000000E+00  0.8707183E+00
         1    41     10  0.4915951E+00  0.0000000E+00  0.8708239E+00

         1    42      0  0.0000000E+00  0.0000000E+00  0.0000000E+00
         1    42      1  0.4915372E+00  0.0000000E+00  0.8708566E+00
         1    42      2  0.4915907E+00  0.0000000E+00  0.8708264E+00
         1    42      3  0.4916177E+00  0.0000000E+00  0.8708112E+00
         1    42      4  0.4916448E+00  0.0000000E+00  0.8707959E+00
         1    42      5  0.4916720E+00  0.0000000E+00  0.8707805E+00
         1    42      6  0.4916993E+00  0.0000000E+00  0.8707651E+00
         1    42      7  0.4917268E+00  0.0000000E+00  0.8707496E+00
         1    42      8  0.4917544E+00  0.0000000E+00  0.8707340E+00
         1    42      9  0.4917821E+00  0.0000000E+00  0.8707183E+00
         1    42     10  0.4915951E+00  0.0000000E+00  0.8708239E+00

         1    43      0  0.0000000E+00  0.0000000E+00  0.0000000E+00
         1    43      1  0.4915372E+00  0.0000000E+00  0.8708566E+00
         1    43      2  0.4915907E+00  0.0000000E+00  0.8708264E+00
         1    43      3  0.4916177E+00  0.0000000E+00  0.8708112E+00
         1    43      4  0.4916448E+00  0.0000000E+00  0.8707959E+00
         1    43      5  0.4916720E+00  0.0000000E+00  0.8707805E+00
         1    43      6  0.4916993E+00  0.0000000E+00  0.8707651E+00
         1    43      7  0.4917268E+00  0.0000000E+00  0.8707496E+00
         1    43      8  0.4917544E+00  0.0000000E+00  0.8707340E+00
         1    43      9  0.4917821E+00  0.0000000E+00  0.8707183E+00
         1    43     10  0.4915951E+00  0.0000000E+00  0.8708239E+00

         1    44      0  0.0000000E+00  0.0000000E+00  0.0000000E+00
         1    44      1  0.4915372E+00  0.0000000E+00  0.8708566E+00
         1    44      2  0.4915907E+00  0.0000000E+00  0.8708264E+00
         1    44      3  0.4916177E+00  0.0000000E+00  0.8708112E+00
         1    44      4  0.4916448E+00  0.0000000E+00  0.8707959E+00
         1    44      5  0.4916720E+00  0.0000000E+00  0.8707805E+00
         1    44      6  0.4916993E+00  0.0000000E+00  0.8707651E+00
         1    44      7  0.4917268E+00  0.0000000E+00  0.8707496E+00
         1    44      8  0.4917544E+00  0.0000000E+00  0.8707340E+00
         1    44      9  0.4917821E+00  0.0000000E+00  0.8707183E+00
         1    44     10  0.4915951E+00  0.0000000E+00  0.8708239E+00

         1    45      0  0.0000000E+00  0.0000000E+00  0.0000000E+00
         1    45      1  0.4915372E+00  0.0000000E+00  0.8708566E+00
         1    45      2  0.4914736E+00  0.0000000E+00  0.8708924E+00
         1    45      3  0.4914419E+00  0.0000000E+00  0.8709104E+00
         1    45      4  0.4914101E+00  0.0000000E+00  0.8709283E+00
         1    45      5  0.4913784E+00  0.0000000E+00  0.8709462E+00
         1    45      6  0.4913467E+00  0.0000000E+00  0.8709641E+00
         1    45      7  0.4913150E+00  0.0000000E+00  0.8709820E+00
         1    45      8  0.4912833E+00  0.0000000E+00  0.8709999E+00
         1    45      9  0.4912516E+00  0.0000000E+00  0.8710177E+00
         1    45     10  0.4915937E+00  0.0000000E+00  0.8708247E+00

         1    46      0  0.0000000E+00  0.0000000E+00  0.0000000E+00
         1    46      1  0.4915372E+00  0.0000000E+00  0.8708566E+00
         1    46      2  0.4913578E+00  0.0000000E+00  0.8709578E+00
         1    46      3  0.4912679E+00  0.0000000E+00  0.8710085E+00
         1    46      4  0.4911780E+00  0.0000000E+00  0.8710592E+00
         1    46      5  0.4910879E+00  0.0000000E+00  0.8711100E+00
         1    46      6  0.4909977E+00  0.0000000E+00  0.8711609E+00
         1    46      7  0.4909074E+00  0.0000000E+00  0.8712117E+00
         1    46      8  0.4908170E+00  0.0000000E+00  0.8712627E+00
         1    46      9  0.4907265E+00  0.0000000E+00  0.8713136E+00
         1    46     10  0.4915924E+00  0.0000000E+00  0.8708254E+00

         1    47      0  0.0000000E+00  0.0000000E+00  0.0000000E+00
         1    47      1  0.4915372E+00  0.0000000E+00  0.8708566E+00
         1    47      2  0.4913578E+00  0.0000000E+00  0.8709578E+00
         1    47      3  0.4912679E+00  0.0000000E+00  0.8710085E+00
         1    47      4  0.4911780E+00  0.0000000E+00  0.8710592E+00
         1    47      5  0.4910879E+00  0.0000000E+00  0.8711100E+00
         1    47      6  0.4909977E+00  0.0000000E+00  0.8711609E+00
         1    47      7  0.4909074E+00  0.0000000E+00  0.8712117E+00
         1    47      8  0.4908170E+00  0.0000000E+00  0.8712627E+00
         1    47      9  0.4907265E+00  0.0000000E+00  0.8713136E+00
         1    47     10  0.4915924E+00  0.0000000E+00  0.8708254E+00

         1    48      0  0.0000000E+00  0.0000000E+00  0.0000000E+00
         1    48      1  0.4915372E+00  0.0000000E+00  0.8708566E+00
         1    48      2  0.4913578E+00  0.0000000E+00  0.8709578E+00
         1    48      3  0.4912679E+00  0.0000000E+00  0.8710085E+00
         1    48      4  0.4911780E+00  0.0000000E+00  0.8710592E+00
         1    48      5  0.4910879E+00  0.0000000E+00  0.8711100E+00
         1    48      6  0.4909977E+00  0.0000000E+00  0.8711609E+00
         1    48      7  0.4909074E+00  0.0000000E+00  0.8712117E+00
         1    48      8  0.4908170E+00  0.0000000E+00  0.8712627E+00
         1    48      9  0.4907265E+00  0.0000000E+00  0.8713136E+00
         1    48     10  0.4915924E+00  0.0000000E+00  0.8708254E+00

         1    49      0  0.0000000E+00  0.0000000E+00  0.0000000E+00
         1    49      1  0.4915372E+00  0.0000000E+00  0.8708566E+00
         1    49      2  0.4913578E+00  0.0000000E+00  0.8709578E+00
         1    49      3  0.4912679E+00  0.0000000E+00  0.8710085E+00
         1    49      4  0.4911780E+00  0.0000000E+00  0.8710592E+00
         1    49      5  0.4910879E+00  0.0000000E+00  0.8711100E+00
         1    49      6  0.4909977E+00  0.0000000E+00  0.8711609E+00
         1    49      7  0.4909074E+00  0.0000000E+00  0.8712117E+00
         1    49      8  0.4908170E+00  0.0000000E+00  0.8712627E+00
         1    49      9  0.4907265E+00  0.0000000E+00  0.8713136E+00
         1    49     10  0.4915924E+00  0.0000000E+00  0.8708254E+00

         1    50      0  0.0000000E+00  0.0000000E+00  0.0000000E+00
         1    50      1  0.4915372E+00  0.0000000E+00  0.8708566E+00
         1    50      2  0.4913309E+00  0.0000000E+00  0.8709730E+00
         1    50      3  0.4912276E+00  0.0000000E+00  0.8710312E+00
         1    50      4  0.4911243E+00  0.0000000E+00  0.8710895E+00
         1    50      5  0.4910208E+00  0.0000000E+00  0.8711478E+00
         1    50      6  0.4909173E+00  0.0000000E+00  0.8712062E+00
         1    50      7  0.4908137E+00  0.0000000E+00  0.8712645E+00
         1    50      8  0.4907100E+00  0.0000000E+00  0.8713230E+00
         1    50      9  0.4906062E+00  0.0000000E+00  0.8713814E+00
         1    50     10  0.4915927E+00  0.0000000E+00  0.8708253E+00

         1    51      0  0.0000000E+00  0.0000000E+00  0.0000000E+00
         1    51      1  0.4915372E+00  0.0000000E+00  0.8708566E+00
         1    51      2  0.4912905E+00  0.0000000E+00  0.8709958E+00
         1    51      3  0.4911670E+00  0.0000000E+00  0.8710654E+00
         1    51      4  0.4910435E+00  0.0000000E+00  0.8711350E+00
         1    51      5  0.4909200E+00  0.0000000E+00  0.8712047E+00
         1    51      6  0.4907963E+00  0.0000000E+00  0.8712743E+00
         1    51      7  0.4906727E+00  0.0000000E+00  0.8713440E+00
         1    51      8  0.4905489E+00  0.0000000E+00  0.8714137E+00
         1    51      9  0.4904251E+00  0.0000000E+00  0.8714833E+00
         1    51     10  0.4915930E+00  0.0000000E+00  0.8708251E+00

         1    52      0  0.0000000E+00  0.0000000E+00  0.0000000E+00
         1    52      1  0.4915372E+00  0.0000000E+00  0.8708566E+00
         1    52      2  0.4912905E+00  0.0000000E+00  0.8709958E+00
         1    52      3  0.4911670E+00  0.0000000E+00  0.8710654E+00
         1    52      4  0.4910435E+00  0.0000000E+00  0.8711350E+00
         1    52      5  0.4909200E+00  0.0000000E+00  0.8712047E+00
         1    52      6  0.4907963E+00  0.0000000E+00  0.8712743E+00
         1    52      7  0.4906727E+00  0.0000000E+00  0.8713440E+00
         1    52      8  0.4905489E+00  0.0000000E+00  0.8714137E+00
         1    52      9  0.4904251E+00  0.0000000E+00  0.8714833E+00
         1    52     10  0.4915930E+00  0.0000000E+00  0.8708251E+00

         1    53      0  0.0000000E+00  0.0000000E+00  0.0000000E+00
         1    53      1  0.5642268E+00  0.0000000E+00  0.8256199E+00
         1    53      2  0.5640449E+00  0.0000000E+00  0.8257441E+00
         1    53      3  0.5639539E+00  0.0000000E+00  0.8258063E+00
         1    53      4  0.5638628E+00  0.0000000E+00  0.8258685E+00
         1    53      5  0.5637717E+00  0.0000000E+00  0.8259307E+00
         1    53      6  0.5636805E+00  0.0000000E+00  0.8259929E+00
         1    53      7  0.5635892E+00  0.0000000E+00  0.8260552E+00
         1    53      8  0.5634978E+00  0.0000000E+00  0.8261175E+00
         1    53      9  0.5634064E+00  0.0000000E+00  0.8261799E+00
         1    53     10  0.5644726E+00  0.0000000E+00  0.8254518E+00

         1    54      0  0.0000000E+00  0.0000000E+00  0.0000000E+00
         1    54      1  0.5642268E+00  0.0000000E+00  0.8256199E+00
         1    54      2  0.5640449E+00  0.0000000E+00  0.8257441E+00
         1    54      3  0.5639539E+00  0.0000000E+00  0.8258063E+00
         1    54      4  0.5638628E+00  0.0000000E+00  0.8258685E+00
         1    54      5  0.5637717E+00  0.0000000E+00  0.8259307E+00
         1    54      6  0.5636805E+00  0.0000000E+00  0.8259929E+00
         1    54      7  0.5635892E+00  0.0000000E+00  0.8260552E+00
         1    54      8  0.5634978E+00  0.0000000E+00  0.8261175E+00
         1    54      9  0.5634064E+00  0.0000000E+00  0.8261799E+00
         1    54     10  0.5644726E+00  0.0000000E+00  0.8254518E+00

         1    55      0  0.0000000E+00  0.0000000E+00  0.0000000E+00
         1    55      1  0.5642268E+00  0.0000000E+00  0.8256199E+00
         1    55      2  0.5640448E+00  0.0000000E+00  0.8257442E+00
         1    55      3  0.5639536E+00  0.0000000E+00  0.8258065E+00
         1    55      4  0.5638623E+00  0.0000000E+00  0.8258688E+00
         1    55      5  0.5637709E+00  0.0000000E+00  0.8259312E+00
         1    55      6  0.5636794E+00  0.0000000E+00  0.8259937E+00
         1    55      7  0.5635877E+00  0.0000000E+00  0.8260562E+00
         1    55      8  0.5634959E+00  0.0000000E+00  0.8261188E+00
         1    55      9  0.5634040E+00  0.0000000E+00  0.8261815E+00
         1    55     10  0.5644726E+00  0.0000000E+00  0.8254518E+00

         1    56      0  0.0000000E+00  0.0000000E+00  0.0000000E+00
         1    56      1  0.5642268E+00  0.0000000E+00  0.8256199E+00
         1    56      2  0.5640448E+00  0.0000000E+00  0.8257442E+00
         1    56      3  0.5639536E+00  0.0000000E+00  0.8258065E+00
         1    56      4  0.5638623E+00  0.0000000E+00  0.8258688E+00
         1    56      5  0.5637709E+00  0.0000000E+00  0.8259312E+00
         1    56      6  0.5636794E+00  0.0000000E+00  0.8259937E+00
         1    56      7  0.5635877E+00  0.0000000E+00  0.8260562E+00
         1    56      8  0.5634959E+00  0.0000000E+00  0.8261188E+00
         1    56      9  0.5634040E+00  0.0000000E+00  0.8261815E+00
         1    56     10  0.5644726E+00  0.0000000E+00  0.8254518E+00

         1    57      0  0.0000000E+00  0.0000000E+00  0.0000000E+00
         1    57      1  0.5642268E+00  0.0000000E+00  0.8256199E+00
         1    57      2  0.5642300E+00  0.0000000E+00  0.8256176E+00
         1    57      3  0.5642315E+00  0.0000000E+00  0.8256166E+00
         1    57      4  0.5642329E+00  0.0000000E+00  0.8256157E+00
         1    57      5  0.5642341E+00  0.0000000E+00  0.8256148E+00
         1    57      6  0.5642353E+00  0.0000000E+00  0.8256140E+00
         1    57      7  0.5642363E+00  0.0000000E+00  0.8256133E+00
         1    57      8  0.5642372E+00  0.0000000E+00  0.8256127E+00
         1    57      9  0.5642380E+00  0.0000000E+00  0.8256122E+00
         1    57     10  0.5644050E+00  0.0000000E+00  0.8254980E+00

         1    58      0  0.0000000E+00  0.0000000E+00  0.0000000E+00
         1    58      1  0.5642268E+00  0.0000000E+00  0.8256199E+00
         1    58      2  0.5644152E+00  0.0000000E+00  0.8254911E+00
         1    58      3  0.5645093E+00  0.0000000E+00  0.8254267E+00
         1    58      4  0.5646032E+00  0.0000000E+00  0.8253625E+00
         1    58      5  0.5646970E+00  0.0000000E+00  0.8252983E+00
         1    58      6  0.5647908E+00  0.0000000E+00  0.8252342E+00
         1    58      7  0.5648844E+00  0.0000000E+00  0.8251701E+00
         1    58      8  0.5649779E+00  0.0000000E+00  0.8251061E+00
         1    58      9  0.5650713E+00  0.0000000E+00  0.8250421E+00
         1    58     10  0.5643354E+00  0.0000000E+00  0.8255456E+00

         1    59      0  0.0000000E+00  0.0000000E+00  0.0000000E+00
         1    59      1  0.5642268E+00  0.0000000E+00  0.8256199E+00
         1    59      2  0.5644152E+00  0.0000000E+00  0.8254911E+00
         1    59      3  0.5645093E+00  0.0000000E+00  0.8254267E+00
         1    59      4  0.5646032E+00  0.0000000E+00  0.8253625E+00
         1    59      5  0.5646970E+00  0.0000000E+00  0.8252983E+00
         1    59      6  0.5647908E+00  0.0000000E+00  0.8252342E+00
         1    59      7  0.5648844E+00  0.0000000E+00  0.8251701E+00
         1    59      8  0.5649779E+00  0.0000000E+00  0.8251061E+00
         1    59      9  0.5650713E+00  0.0000000E+00  0.8250421E+00
         1    59     10  0.5643354E+00  0.0000000E+00  0.8255456E+00

         1    60      0  0.0000000E+00  0.0000000E+00  0.0000000E+00
         1    60      1  0.6327805E+00  0.0000000E+00  0.7743312E+00
         1    60      2  0.6330050E+00  0.0000000E+00  0.7741477E+00
         1    60      3  0.6331171E+00  0.0000000E+00  0.7740560E+00
         1    60      4  0.6332291E+00  0.0000000E+00  0.7739644E+00
         1    60      5  0.6333410E+00  0.0000000E+00  0.7738728E+00
         1    60      6  0.6334529E+00  0.0000000E+00  0.7737813E+00
         1    60      7  0.6335646E+00  0.0000000E+00  0.7736898E+00
         1    60      8  0.6336762E+00  0.0000000E+00  0.7735984E+00
         1    60      9  0.6337878E+00  0.0000000E+00  0.7735070E+00
         1    60     10  0.6330275E+00  0.0000000E+00  0.7741293E+00

         1    61      0  0.0000000E+00  0.0000000E+00  0.0000000E+00
         1    61      1  0.6327805E+00  0.0000000E+00  0.7743312E+00
         1    61      2  0.6330050E+00  0.0000000E+00  0.7741477E+00
         1    61      3  0.6331171E+00  0.0000000E+00  0.7740560E+00
         1    61      4  0.6332291E+00  0.0000000E+00  0.7739644E+00
         1    61      5  0.6333410E+00  0.0000000E+00  0.7738728E+00
         1    61      6  0.6334529E+00  0.0000000E+00  0.7737813E+00
         1    61      7  0.6335646E+00  0.0000000E+00  0.7736898E+00
         1    61      8  0.6336762E+00  0.0000000E+00  0.7735984E+00
         1    61      9  0.6337878E+00  0.0000000E+00  0.7735070E+00
         1    61     10  0.6330275E+00  0.0000000E+00  0.7741293E+00

         1    62      0  0.0000000E+00  0.0000000E+00  0.0000000E+00
         1    62      1  0.6327805E+00  0.0000000E+00  0.7743312E+00
         1    62      2  0.6330050E+00  0.0000000E+00  0.7741477E+00
         1    62      3  0.6331171E+00  0.0000000E+00  0.7740560E+00
         1    62      4  0.6332291E+00  0.0000000E+00  0.7739644E+00
         1    62      5  0.6333411E+00  0.0000000E+00  0.7738728E+00
         1    62      6  0.6334529E+00  0.0000000E+00  0.7737812E+00
         1    62      7  0.6335647E+00  0.0000000E+00  0.7736897E+00
         1    62      8  0.6336764E+00  0.0000000E+00  0.7735983E+00
         1    62      9  0.6337879E+00  0.0000000E+00  0.7735069E+00
         1    62     10  0.6330276E+00  0.0000000E+00  0.7741292E+00

         1    63      0  0.0000000E+00  0.0000000E+00  0.0000000E+00
         1    63      1  0.6327805E+00  0.0000000E+00  0.7743312E+00
         1    63      2  0.6330050E+00  0.0000000E+00  0.7741477E+00
         1    63      3  0.6331171E+00  0.0000000E+00  0.7740560E+00
         1    63      4  0.6332291E+00  0.0000000E+00  0.7739644E+00
         1    63      5  0.6333411E+00  0.0000000E+00  0.7738728E+00
         1    63      6  0.6334529E+00  0.0000000E+00  0.7737812E+00
         1    63      7  0.6335647E+00  0.0000000E+00  0.7736897E+00
         1    63      8  0.6336764E+00  0.0000000E+00  0.7735983E+00
         1    63      9  0.6337879E+00  0.0000000E+00  0.7735069E+00
         1    63     10  0.6330276E+00  0.0000000E+00  0.7741292E+00

         1    64      0  0.0000000E+00  0.0000000E+00  0.0000000E+00
         1    64      1  0.6327805E+00  0.0000000E+00  0.7743312E+00
         1    64      2  0.6329740E+00  0.0000000E+00  0.7741730E+00
         1    64      3  0.6330705E+00  0.0000000E+00  0.7740941E+00
         1    64      4  0.6331669E+00  0.0000000E+00  0.7740153E+00
         1    64      5  0.6332630E+00  0.0000000E+00  0.7739367E+00
         1    64      6  0.6333590E+00  0.0000000E+00  0.7738581E+00
         1    64      7  0.6334547E+00  0.0000000E+00  0.7737797E+00
         1    64      8  0.6335503E+00  0.0000000E+00  0.7737015E+00
         1    64      9  0.6336457E+00  0.0000000E+00  0.7736233E+00
         1    64     10  0.6332017E+00  0.0000000E+00  0.7739869E+00

         1    65      0  0.0000000E+00  0.0000000E+00  0.0000000E+00
         1    65      1  0.6327805E+00  0.0000000E+00  0.7743312E+00
         1    65      2  0.6329469E+00  0.0000000E+00  0.7741952E+00
         1    65      3  0.6330297E+00  0.0000000E+00  0.7741275E+00
         1    65      4  0.6331122E+00  0.0000000E+00  0.7740600E+00
         1    65      5  0.6331945E+00  0.0000000E+00  0.7739927E+00
         1    65      6  0.6332764E+00  0.0000000E+00  0.7739257E+00
         1    65      7  0.6333581E+00  0.0000000E+00  0.7738589E+00
         1    65      8  0.6334395E+00  0.0000000E+00  0.7737922E+00
         1    65      9  0.6335206E+00  0.0000000E+00  0.7737258E+00
         1    65     10  0.6333826E+00  0.0000000E+00  0.7738388E+00

         1    66      0  0.0000000E+00  0.0000000E+00  0.0000000E+00
         1    66      1  0.6327805E+00  0.0000000E+00  0.7743312E+00
         1    66      2  0.6329469E+00  0.0000000E+00  0.7741952E+00
         1    66      3  0.6330297E+00  0.0000000E+00  0.7741275E+00
         1    66      4  0.6331122E+00  0.0000000E+00  0.7740600E+00
         1    66      5  0.6331945E+00  0.0000000E+00  0.7739927E+00
         1    66      6  0.6332764E+00  0.0000000E+00  0.7739257E+00
         1    66      7  0.6333581E+00  0.0000000E+00  0.7738589E+00
         1    66      8  0.6334395E+00  0.0000000E+00  0.7737922E+00
         1    66      9  0.6335206E+00  0.0000000E+00  0.7737258E+00
         1    66     10  0.6333826E+00  0.0000000E+00  0.7738388E+00

         1    67      0  0.0000000E+00  0.0000000E+00  0.0000000E+00
         1    67      1  0.6966958E+00  0.0000000E+00  0.7173667E+00
         1    67      2  0.6968344E+00  0.0000000E+00  0.7172320E+00
         1    67      3  0.6969035E+00  0.0000000E+00  0.7171649E+00
         1    67      4  0.6969723E+00  0.0000000E+00  0.7170980E+00
         1    67      5  0.6970410E+00  0.0000000E+00  0.7170313E+00
         1    67      6  0.6971094E+00  0.0000000E+00  0.7169647E+00
         1    67      7  0.6971777E+00  0.0000000E+00  0.7168983E+00
         1    67      8  0.6972458E+00  0.0000000E+00  0.7168321E+00
         1    67      9  0.6973137E+00  0.0000000E+00  0.7167661E+00
         1    67     10  0.6972785E+00  0.0000000E+00  0.7168003E+00

         1    68      0  0.0000000E+00  0.0000000E+00  0.0000000E+00
         1    68      1  0.6966958E+00  0.0000000E+00  0.7173667E+00
         1    68      2  0.6968344E+00  0.0000000E+00  0.7172320E+00
         1    68      3  0.6969035E+00  0.0000000E+00  0.7171649E+00
         1    68      4  0.6969723E+00  0.0000000E+00  0.7170980E+00
         1    68      5  0.6970410E+00  0.0000000E+00  0.7170313E+00
         1    68      6  0.6971094E+00  0.0000000E+00  0.7169647E+00
         1    68      7  0.6971777E+00  0.0000000E+00  0.7168983E+00
         1    68      8  0.6972458E+00  0.0000000E+00  0.7168321E+00
         1    68      9  0.6973137E+00  0.0000000E+00  0.7167661E+00
         1    68     10  0.6972785E+00  0.0000000E+00  0.7168003E+00

         1    69      0  0.0000000E+00  0.0000000E+00  0.0000000E+00
         1    69      1  0.6966958E+00  0.0000000E+00  0.7173667E+00
         1    69      2  0.6968344E+00  0.0000000E+00  0.7172320E+00
         1    69      3  0.6969034E+00  0.0000000E+00  0.7171650E+00
         1    69      4  0.6969723E+00  0.0000000E+00  0.7170981E+00
         1    69      5  0.6970409E+00  0.0000000E+00  0.7170314E+00
         1    69      6  0.6971093E+00  0.0000000E+00  0.7169649E+00
         1    69      7  0.6971775E+00  0.0000000E+00  0.7168985E+00
         1    69      8  0.6972456E+00  0.0000000E+00  0.7168323E+00
         1    69      9  0.6973134E+00  0.0000000E+00  0.7167663E+00
         1    69     10  0.6972780E+00  0.0000000E+00  0.7168008E+00

         1    70      0  0.0000000E+00  0.0000000E+00  0.0000000E+00
         1    70      1  0.6966958E+00  0.0000000E+00  0.7173667E+00
         1    70      2  0.6968344E+00  0.0000000E+00  0.7172320E+00
         1    70      3  0.6969034E+00  0.0000000E+00  0.7171650E+00
         1    70      4  0.6969723E+00  0.0000000E+00  0.7170981E+00
         1    70      5  0.6970409E+00  0.0000000E+00  0.7170314E+00
         1    70      6  0.6971093E+00  0.0000000E+00  0.7169649E+00
         1    70      7  0.6971775E+00  0.0000000E+00  0.7168985E+00
         1    70      8  0.6972456E+00  0.0000000E+00  0.7168323E+00
         1    70      9  0.6973134E+00  0.0000000E+00  0.7167663E+00
         1    70     10  0.6972780E+00  0.0000000E+00  0.7168008E+00

         1    71      0  0.0000000E+00  0.0000000E+00  0.0000000E+00
         1    71      1  0.6966958E+00  0.0000000E+00  0.7173667E+00
         1    71      2  0.6967481E+00  0.0000000E+00  0.7173159E+00
         1    71      3  0.6967743E+00  0.0000000E+00  0.7172904E+00
         1    71      4  0.6968006E+00  0.0000000E+00  0.7172649E+00
         1    71      5  0.6968269E+00  0.0000000E+00  0.7172393E+00
         1    71      6  0.6968533E+00  0.0000000E+00  0.7172137E+00
         1    71      7  0.6968797E+00  0.0000000E+00  0.7171881E+00
         1    71      8  0.6969061E+00  0.0000000E+00  0.7171623E+00
         1    71      9  0.6969326E+00  0.0000000E+00  0.7171366E+00
         1    71     10  0.6967651E+00  0.0000000E+00  0.7172994E+00

         1    72      0  0.0000000E+00  0.0000000E+00  0.0000000E+00
         1    72      1  0.6966958E+00  0.0000000E+00  0.7173667E+00
         1    72      2  0.6966609E+00  0.0000000E+00  0.7174006E+00
         1    72      3  0.6966438E+00  0.0000000E+00  0.7174172E+00
         1    72      4  0.6966270E+00  0.0000000E+00  0.7174335E+00
         1    72      5  0.6966106E+00  0.0000000E+00  0.7174495E+00
         1    72      6  0.6965944E+00  0.0000000E+00  0.7174652E+00
         1    72      7  0.6965785E+00  0.0000000E+00  0.7174806E+00
         1    72      8  0.6965628E+00  0.0000000E+00  0.7174958E+00
         1    72      9  0.6965475E+00  0.0000000E+00  0.7175107E+00
         1    72     10  0.6962519E+00  0.0000000E+00  0.7177975E+00

         1    73      0  0.0000000E+00  0.0000000E+00  0.0000000E+00
         1    73      1  0.6966958E+00  0.0000000E+00  0.7173667E+00
         1    73      2  0.6966609E+00  0.0000000E+00  0.7174006E+00
         1    73      3  0.6966438E+00  0.0000000E+00  0.7174172E+00
         1    73      4  0.6966270E+00  0.0000000E+00  0.7174335E+00
         1    73      5  0.6966106E+00  0.0000000E+00  0.7174495E+00
         1    73      6  0.6965944E+00  0.0000000E+00  0.7174652E+00
         1    73      7  0.6965785E+00  0.0000000E+00  0.7174806E+00
         1    73      8  0.6965628E+00  0.0000000E+00  0.7174958E+00
         1    73      9  0.6965475E+00  0.0000000E+00  0.7175107E+00
         1    73     10  0.6962519E+00  0.0000000E+00  0.7177975E+00

         1    74      0  0.0000000E+00  0.0000000E+00  0.0000000E+00
         1    74      1  0.7555042E+00  0.0000000E+00  0.6551437E+00
         1    74      2  0.7554424E+00  0.0000000E+00  0.6552150E+00
         1    74      3  0.7554120E+00  0.0000000E+00  0.6552501E+00
         1    74      4  0.7553819E+00  0.0000000E+00  0.6552849E+00
         1    74      5  0.7553520E+00  0.0000000E+00  0.6553192E+00
         1    74      6  0.7553225E+00  0.0000000E+00  0.6553532E+00
         1    74      7  0.7552933E+00  0.0000000E+00  0.6553869E+00
         1    74      8  0.7552645E+00  0.0000000E+00  0.6554202E+00
         1    74      9  0.7552359E+00  0.0000000E+00  0.6554531E+00
         1    74     10  0.7551216E+00  0.0000000E+00  0.6555848E+00

         1    75      0  0.0000000E+00  0.0000000E+00  0.0000000E+00
         1    75      1  0.7555042E+00  0.0000000E+00  0.6551437E+00
         1    75      2  0.7554424E+00  0.0000000E+00  0.6552150E+00
         1    75      3  0.7554120E+00  0.0000000E+00  0.6552501E+00
         1    75      4  0.7553819E+00  0.0000000E+00  0.6552849E+00
         1    75      5  0.7553520E+00  0.0000000E+00  0.6553192E+00
         1    75      6  0.7553225E+00  0.0000000E+00  0.6553532E+00
         1    75      7  0.7552933E+00  0.0000000E+00  0.6553869E+00
         1    75      8  0.7552645E+00  0.0000000E+00  0.6554202E+00
         1    75      9  0.7552359E+00  0.0000000E+00  0.6554531E+00
         1    75     10  0.7551216E+00  0.0000000E+00  0.6555848E+00

         1    76      0  0.0000000E+00  0.0000000E+00  0.0000000E+00
         1    76      1  0.7555042E+00  0.0000000E+00  0.6551437E+00
         1    76      2  0.7554425E+00  0.0000000E+00  0.6552150E+00
         1    76      3  0.7554120E+00  0.0000000E+00  0.6552501E+00
         1    76      4  0.7553819E+00  0.0000000E+00  0.6552848E+00
         1    76      5  0.7553521E+00  0.0000000E+00  0.6553191E+00
         1    76      6  0.7553227E+00  0.0000000E+00  0.6553531E+00
         1    76      7  0.7552935E+00  0.0000000E+00  0.6553867E+00
         1    76      8  0.7552647E+00  0.0000000E+00  0.6554199E+00
         1    76      9  0.7552362E+00  0.0000000E+00  0.6554527E+00
         1    76     10  0.7551217E+00  0.0000000E+00  0.6555846E+00

         1    77      0  0.0000000E+00  0.0000000E+00  0.0000000E+00
         1    77      1  0.7555042E+00  0.0000000E+00  0.6551437E+00
         1    77      2  0.7554425E+00  0.0000000E+00  0.6552150E+00
         1    77      3  0.7554120E+00  0.0000000E+00  0.6552501E+00
         1    77      4  0.7553819E+00  0.0000000E+00  0.6552848E+00
         1    77      5  0.7553521E+00  0.0000000E+00  0.6553191E+00
         1    77      6  0.7553227E+00  0.0000000E+00  0.6553531E+00
         1    77      7  0.7552935E+00  0.0000000E+00  0.6553867E+00
         1    77      8  0.7552647E+00  0.0000000E+00  0.6554199E+00
         1    77      9  0.7552362E+00  0.0000000E+00  0.6554527E+00
         1    77     10  0.7551217E+00  0.0000000E+00  0.6555846E+00

         1    78      0  0.0000000E+00  0.0000000E+00  0.0000000E+00
         1    78      1  0.7555042E+00  0.0000000E+00  0.6551437E+00
         1    78      2  0.7554959E+00  0.0000000E+00  0.6551534E+00
         1    78      3  0.7554921E+00  0.0000000E+00  0.6551577E+00
         1    78      4  0.7554887E+00  0.0000000E+00  0.6551617E+00
         1    78      5  0.7554856E+00  0.0000000E+00  0.6551652E+00
         1    78      6  0.7554828E+00  0.0000000E+00  0.6551685E+00
         1    78      7  0.7554803E+00  0.0000000E+00  0.6551713E+00
         1    78      8  0.7554782E+00  0.0000000E+00  0.6551738E+00
         1    78      9  0.7554763E+00  0.0000000E+00  0.6551760E+00
         1    78     10  0.7552750E+00  0.0000000E+00  0.6554080E+00

         1    79      0  0.0000000E+00  0.0000000E+00  0.0000000E+00
         1    79      1  0.7555042E+00  0.0000000E+00  0.6551437E+00
         1    79      2  0.7555491E+00  0.0000000E+00  0.6550920E+00
         1    79      3  0.7555720E+00  0.0000000E+00  0.6550656E+00
         1    79      4  0.7555952E+00  0.0000000E+00  0.6550389E+00
         1    79      5  0.7556187E+00  0.0000000E+00  0.6550118E+00
         1    79      6  0.7556425E+00  0.0000000E+00  0.6549843E+00
         1    79      7  0.7556666E+00  0.0000000E+00  0.6549565E+00
         1    79      8  0.7556910E+00  0.0000000E+00  0.6549283E+00
         1    79      9  0.7557158E+00  0.0000000E+00  0.6548997E+00
         1    79     10  0.7554224E+00  0.0000000E+00  0.6552381E+00

         1    80      0  0.0000000E+00  0.0000000E+00  0.0000000E+00
         1    80      1  0.7555042E+00  0.0000000E+00  0.6551437E+00
         1    80      2  0.7555491E+00  0.0000000E+00  0.6550920E+00
         1    80      3  0.7555720E+00  0.0000000E+00  0.6550656E+00
         1    80      4  0.7555952E+00  0.0000000E+00  0.6550389E+00
         1    80      5  0.7556187E+00  0.0000000E+00  0.6550118E+00
         1    80      6  0.7556425E+00  0.0000000E+00  0.6549843E+00
         1    80      7  0.7556666E+00  0.0000000E+00  0.6549565E+00
         1    80      8  0.7556910E+00  0.0000000E+00  0.6549283E+00
         1    80      9  0.7557158E+00  0.0000000E+00  0.6548997E+00
         1    80     10  0.7554224E+00  0.0000000E+00  0.6552381E+00

         1    81      0  0.0000000E+00  0.0000000E+00  0.0000000E+00
         1    81      1  0.8087748E+00  0.0000000E+00  0.5881185E+00
         1    81      2  0.8087907E+00  0.0000000E+00  0.5880966E+00
         1    81      3  0.8087990E+00  0.0000000E+00  0.5880852E+00
         1    81      4  0.8088076E+00  0.0000000E+00  0.5880734E+00
         1    81      5  0.8088163E+00  0.0000000E+00  0.5880613E+00
         1    81      6  0.8088254E+00  0.0000000E+00  0.5880489E+00
         1    81      7  0.8088346E+00  0.0000000E+00  0.5880362E+00
         1    81      8  0.8088441E+00  0.0000000E+00  0.5880232E+00
         1    81      9  0.8088538E+00  0.0000000E+00  0.5880098E+00
         1    81     10  0.8088116E+00  0.0000000E+00  0.5880679E+00

         1    82      0  0.0000000E+00  0.0000000E+00  0.0000000E+00
         1    82      1  0.8087748E+00  0.0000000E+00  0.5881185E+00
         1    82      2  0.8087907E+00  0.0000000E+00  0.5880966E+00
         1    82      3  0.8087990E+00  0.0000000E+00  0.5880852E+00
         1    82      4  0.8088076E+00  0.0000000E+00  0.5880734E+00
         1    82      5  0.8088163E+00  0.0000000E+00  0.5880613E+00
         1    82      6  0.8088254E+00  0.0000000E+00  0.5880489E+00
         1    82      7  0.8088346E+00  0.0000000E+00  0.5880362E+00
         1    82      8  0.8088441E+00  0.0000000E+00  0.5880232E+00
         1    82      9  0.8088538E+00  0.0000000E+00  0.5880098E+00
         1    82     10  0.8088116E+00  0.0000000E+00  0.5880679E+00

         1    83      0  0.0000000E+00  0.0000000E+00  0.0000000E+00
         1    83      1  0.8087748E+00  0.0000000E+00  0.5881185E+00
         1    83      2  0.8087907E+00  0.0000000E+00  0.5880966E+00
         1    83      3  0.8087990E+00  0.0000000E+00  0.5880852E+00
         1    83      4  0.8088075E+00  0.0000000E+00  0.5880735E+00
         1    83      5  0.8088162E+00  0.0000000E+00  0.5880615E+00
         1    83      6  0.8088252E+00  0.0000000E+00  0.5880492E+00
         1    83      7  0.8088344E+00  0.0000000E+00  0.5880365E+00
         1    83      8  0.8088438E+00  0.0000000E+00  0.5880236E+00
         1    83      9  0.8088534E+00  0.0000000E+00  0.5880103E+00
         1    83     10  0.8088115E+00  0.0000000E+00  0.5880679E+00

         1    84      0  0.0000000E+00  0.0000000E+00  0.0000000E+00
         1    84      1  0.8087748E+00  0.0000000E+00  0.5881185E+00
         1    84      2  0.8087907E+00  0.0000000E+00  0.5880966E+00
         1    84      3  0.8087990E+00  0.0000000E+00  0.5880852E+00
         1    84      4  0.8088075E+00  0.0000000E+00  0.5880735E+00
         1    84      5  0.8088162E+00  0.0000000E+00  0.5880615E+00
         1    84      6  0.8088252E+00  0.0000000E+00  0.5880492E+00
         1    84      7  0.8088344E+00  0.0000000E+00  0.5880365E+00
         1    84      8  0.8088438E+00  0.0000000E+00  0.5880236E+00
         1    84      9  0.8088534E+00  0.0000000E+00  0.5880103E+00
         1    84     10  0.8088115E+00  0.0000000E+00  0.5880679E+00

         1    85      0  0.0000000E+00  0.0000000E+00  0.0000000E+00
         1    85      1  0.8087748E+00  0.0000000E+00  0.5881185E+00
         1    85      2  0.8087295E+00  0.0000000E+00  0.5881807E+00
         1    85      3  0.8087070E+00  0.0000000E+00  0.5882117E+00
         1    85      4  0.8086845E+00  0.0000000E+00  0.5882427E+00
         1    85      5  0.8086620E+00  0.0000000E+00  0.5882736E+00
         1    85      6  0.8086395E+00  0.0000000E+00  0.5883045E+00
         1    85      7  0.8086171E+00  0.0000000E+00  0.5883353E+00
         1    85      8  0.8085947E+00  0.0000000E+00  0.5883660E+00
         1    85      9  0.8085724E+00  0.0000000E+00  0.5883967E+00
         1    85     10  0.8087618E+00  0.0000000E+00  0.5881363E+00

         1    86      0  0.0000000E+00  0.0000000E+00  0.0000000E+00
         1    86      1  0.8087748E+00  0.0000000E+00  0.5881185E+00
         1    86      2  0.8086692E+00  0.0000000E+00  0.5882637E+00
         1    86      3  0.8086162E+00  0.0000000E+00  0.5883366E+00
         1    86      4  0.8085630E+00  0.0000000E+00  0.5884096E+00
         1    86      5  0.8085096E+00  0.0000000E+00  0.5884829E+00
         1    86      6  0.8084561E+00  0.0000000E+00  0.5885564E+00
         1    86      7  0.8084025E+00  0.0000000E+00  0.5886301E+00
         1    86      8  0.8083487E+00  0.0000000E+00  0.5887040E+00
         1    86      9  0.8082947E+00  0.0000000E+00  0.5887781E+00
         1    86     10  0.8087136E+00  0.0000000E+00  0.5882026E+00

         1    87      0  0.0000000E+00  0.0000000E+00  0.0000000E+00
         1    87      1  0.8087748E+00  0.0000000E+00  0.5881185E+00
         1    87      2  0.8086692E+00  0.0000000E+00  0.5882637E+00
         1    87      3  0.8086162E+00  0.0000000E+00  0.5883366E+00
         1    87      4  0.8085630E+00  0.0000000E+00  0.5884096E+00
         1    87      5  0.8085096E+00  0.0000000E+00  0.5884829E+00
         1    87      6  0.8084561E+00  0.0000000E+00  0.5885564E+00
         1    87      7  0.8084025E+00  0.0000000E+00  0.5886301E+00
         1    87      8  0.8083487E+00  0.0000000E+00  0.5887040E+00
         1    87      9  0.8082947E+00  0.0000000E+00  0.5887781E+00
         1    87     10  0.8087136E+00  0.0000000E+00  0.5882026E+00

         1    88      0  0.0000000E+00  0.0000000E+00  0.0000000E+00
         1    88      1  0.8561168E+00  0.0000000E+00  0.5167823E+00
         1    88      2  0.8560157E+00  0.0000000E+00  0.5169498E+00
         1    88      3  0.8559649E+00  0.0000000E+00  0.5170339E+00
         1    88      4  0.8559139E+00  0.0000000E+00  0.5171184E+00
         1    88      5  0.8558626E+00  0.0000000E+00  0.5172032E+00
         1    88      6  0.8558112E+00  0.0000000E+00  0.5172883E+00
         1    88      7  0.8557596E+00  0.0000000E+00  0.5173737E+00
         1    88      8  0.8557078E+00  0.0000000E+00  0.5174594E+00
         1    88      9  0.8556558E+00  0.0000000E+00  0.5175454E+00
         1    88     10  0.8561838E+00  0.0000000E+00  0.5166713E+00

         1    89      0  0.0000000E+00  0.0000000E+00  0.0000000E+00
         1    89      1  0.8561168E+00  0.0000000E+00  0.5167823E+00
         1    89      2  0.8560157E+00  0.0000000E+00  0.5169498E+00
         1    89      3  0.8559649E+00  0.0000000E+00  0.5170339E+00
         1    89      4  0.8559139E+00  0.0000000E+00  0.5171184E+00
         1    89      5  0.8558626E+00  0.0000000E+00  0.5172032E+00
         1    89      6  0.8558112E+00  0.0000000E+00  0.5172883E+00
         1    89      7  0.8557596E+00  0.0000000E+00  0.5173737E+00
         1    89      8  0.8557078E+00  0.0000000E+00  0.5174594E+00
         1    89      9  0.8556558E+00  0.0000000E+00  0.5175454E+00
         1    89     10  0.8561838E+00  0.0000000E+00  0.5166713E+00

         1    90      0  0.0000000E+00  0.0000000E+00  0.0000000E+00
         1    90      1  0.8561168E+00  0.0000000E+00  0.5167823E+00
         1    90      2  0.8559942E+00  0.0000000E+00  0.5169854E+00
         1    90      3  0.8559327E+00  0.0000000E+00  0.5170872E+00
         1    90      4  0.8558711E+00  0.0000000E+00  0.5171893E+00
         1    90      5  0.8558093E+00  0.0000000E+00  0.5172915E+00
         1    90      6  0.8557473E+00  0.0000000E+00  0.5173940E+00
         1    90      7  0.8556852E+00  0.0000000E+00  0.5174967E+00
         1    90      8  0.8556230E+00  0.0000000E+00  0.5175996E+00
         1    90      9  0.8555606E+00  0.0000000E+00  0.5177027E+00
         1    90     10  0.8561841E+00  0.0000000E+00  0.5166709E+00

         1    91      0  0.0000000E+00  0.0000000E+00  0.0000000E+00
         1    91      1  0.8561168E+00  0.0000000E+00  0.5167823E+00
         1    91      2  0.8559765E+00  0.0000000E+00  0.5170147E+00
         1    91      3  0.8559062E+00  0.0000000E+00  0.5171311E+00
         1    91      4  0.8558358E+00  0.0000000E+00  0.5172476E+00
         1    91      5  0.8557653E+00  0.0000000E+00  0.5173643E+00
         1    91      6  0.8556946E+00  0.0000000E+00  0.5174811E+00
         1    91      7  0.8556239E+00  0.0000000E+00  0.5175981E+00
         1    91      8  0.8555530E+00  0.0000000E+00  0.5177152E+00
         1    91      9  0.8554820E+00  0.0000000E+00  0.5178325E+00
         1    91     10  0.8561842E+00  0.0000000E+00  0.5166707E+00

         1    92      0  0.0000000E+00  0.0000000E+00  0.0000000E+00
         1    92      1  0.8561168E+00  0.0000000E+00  0.5167823E+00
         1    92      2  0.8559765E+00  0.0000000E+00  0.5170147E+00
         1    92      3  0.8559062E+00  0.0000000E+00  0.5171311E+00
         1    92      4  0.8558358E+00  0.0000000E+00  0.5172476E+00
         1    92      5  0.8557653E+00  0.0000000E+00  0.5173643E+00
         1    92      6  0.8556946E+00  0.0000000E+00  0.5174811E+00
         1    92      7  0.8556239E+00  0.0000000E+00  0.5175981E+00
         1    92      8  0.8555530E+00  0.0000000E+00  0.5177152E+00
         1    92      9  0.8554820E+00  0.0000000E+00  0.5178325E+00
         1    92     10  0.8561842E+00  0.0000000E+00  0.5166707E+00

         1    93      0  0.0000000E+00  0.0000000E+00  0.0000000E+00
         1    93      1  0.8561168E+00  0.0000000E+00  0.5167823E+00
         1    93      2  0.8559765E+00  0.0000000E+00  0.5170147E+00
         1    93      3  0.8559062E+00  0.0000000E+00  0.5171311E+00
         1    93      4  0.8558358E+00  0.0000000E+00  0.5172476E+00
         1    93      5  0.8557653E+00  0.0000000E+00  0.5173643E+00
         1    93      6  0.8556946E+00  0.0000000E+00  0.5174811E+00
         1    93      7  0.8556239E+00  0.0000000E+00  0.5175981E+00
         1    93      8  0.8555530E+00  0.0000000E+00  0.5177152E+00
         1    93      9  0.8554820E+00  0.0000000E+00  0.5178325E+00
         1    93     10  0.8561842E+00  0.0000000E+00  0.5166707E+00

         1    94      0  0.0000000E+00  0.0000000E+00  0.0000000E+00
         1    94      1  0.8561168E+00  0.0000000E+00  0.5167823E+00
         1    94      2  0.8559765E+00  0.0000000E+00  0.5170147E+00
         1    94      3  0.8559062E+00  0.0000000E+00  0.5171311E+00
         1    94      4  0.8558358E+00  0.0000000E+00  0.5172476E+00
         1    94      5  0.8557653E+00  0.0000000E+00  0.5173643E+00
         1    94      6  0.8556946E+00  0.0000000E+00  0.5174811E+00
         1    94      7  0.8556239E+00  0.0000000E+00  0.5175981E+00
         1    94      8  0.8555530E+00  0.0000000E+00  0.5177152E+00
         1    94      9  0.8554820E+00  0.0000000E+00  0.5178325E+00
         1    94     10  0.8561842E+00  0.0000000E+00  0.5166707E+00

         1    95      0  0.0000000E+00  0.0000000E+00  0.0000000E+00
         1    95      1  0.8561168E+00  0.0000000E+00  0.5167823E+00
         1    95      2  0.8561193E+00  0.0000000E+00  0.5167783E+00
         1    95      3  0.8561204E+00  0.0000000E+00  0.5167764E+00
         1    95      4  0.8561215E+00  0.0000000E+00  0.5167746E+00
         1    95      5  0.8561225E+00  0.0000000E+00  0.5167730E+00
         1    95      6  0.8561234E+00  0.0000000E+00  0.5167715E+00
         1    95      7  0.8561242E+00  0.0000000E+00  0.5167701E+00
         1    95      8  0.8561250E+00  0.0000000E+00  0.5167687E+00
         1    95      9  0.8561258E+00  0.0000000E+00  0.5167675E+00
         1    95     10  0.8561835E+00  0.0000000E+00  0.5166718E+00

         1    96      0  0.0000000E+00  0.0000000E+00  0.0000000E+00
         1    96      1  0.8561168E+00  0.0000000E+00  0.5167823E+00
         1    96      2  0.8562619E+00  0.0000000E+00  0.5165419E+00
         1    96      3  0.8563344E+00  0.0000000E+00  0.5164218E+00
         1    96      4  0.8564068E+00  0.0000000E+00  0.5163017E+00
         1    96      5  0.8564791E+00  0.0000000E+00  0.5161817E+00
         1    96      6  0.8565514E+00  0.0000000E+00  0.5160617E+00
         1    96      7  0.8566236E+00  0.0000000E+00  0.5159418E+00
         1    96      8  0.8566958E+00  0.0000000E+00  0.5158219E+00
         1    96      9  0.8567680E+00  0.0000000E+00  0.5157021E+00
         1    96     10  0.8561828E+00  0.0000000E+00  0.5166730E+00

         1    97      0  0.0000000E+00  0.0000000E+00  0.0000000E+00
         1    97      1  0.8561168E+00  0.0000000E+00  0.5167823E+00
         1    97      2  0.8562619E+00  0.0000000E+00  0.5165419E+00
         1    97      3  0.8563344E+00  0.0000000E+00  0.5164218E+00
         1    97      4  0.8564068E+00  0.0000000E+00  0.5163017E+00
         1    97      5  0.8564791E+00  0.0000000E+00  0.5161817E+00
         1    97      6  0.8565514E+00  0.0000000E+00  0.5160617E+00
         1    97      7  0.8566236E+00  0.0000000E+00  0.5159418E+00
         1    97      8  0.8566958E+00  0.0000000E+00  0.5158219E+00
         1    97      9  0.8567680E+00  0.0000000E+00  0.5157021E+00
         1    97     10  0.8561828E+00  0.0000000E+00  0.5166730E+00

         1    98      0  0.0000000E+00  0.0000000E+00  0.0000000E+00
         1    98      1  0.8561168E+00  0.0000000E+00  0.5167823E+00
         1    98      2  0.8562619E+00  0.0000000E+00  0.5165419E+00
         1    98      3  0.8563344E+00  0.0000000E+00  0.5164218E+00
         1    98      4  0.8564068E+00  0.0000000E+00  0.5163017E+00
         1    98      5  0.8564791E+00  0.0000000E+00  0.5161817E+00
         1    98      6  0.8565514E+00  0.0000000E+00  0.5160617E+00
         1    98      7  0.8566236E+00  0.0000000E+00  0.5159418E+00
         1    98      8  0.8566958E+00  0.0000000E+00  0.5158219E+00
         1    98      9  0.8567680E+00  0.0000000E+00  0.5157021E+00
         1    98     10  0.8561828E+00  0.0000000E+00  0.5166730E+00

         1    99      0  0.0000000E+00  0.0000000E+00  0.0000000E+00
         1    99      1  0.8561168E+00  0.0000000E+00  0.5167823E+00
         1    99      2  0.8562619E+00  0.0000000E+00  0.5165419E+00
         1    99      3  0.8563344E+00  0.0000000E+00  0.5164218E+00
         1    99      4  0.8564068E+00  0.0000000E+00  0.5163017E+00
         1    99      5  0.8564791E+00  0.0000000E+00  0.5161817E+00
         1    99      6  0.8565514E+00  0.0000000E+00  0.5160617E+00
         1    99      7  0.8566236E+00  0.0000000E+00  0.5159418E+00
         1    99      8  0.8566958E+00  0.0000000E+00  0.5158219E+00
         1    99      9  0.8567680E+00  0.0000000E+00  0.5157021E+00
         1    99     10  0.8561828E+00  0.0000000E+00  0.5166730E+00

         1   100      0  0.0000000E+00  0.0000000E+00  0.0000000E+00
         1   100      1  0.8561168E+00  0.0000000E+00  0.5167823E+00
         1   100      2  0.8562473E+00  0.0000000E+00  0.5165661E+00
         1   100      3  0.8563124E+00  0.0000000E+00  0.5164582E+00
         1   100      4  0.8563774E+00  0.0000000E+00  0.5163504E+00
         1   100      5  0.8564423E+00  0.0000000E+00  0.5162428E+00
         1   100      6  0.8565071E+00  0.0000000E+00  0.5161353E+00
         1   100      7  0.8565718E+00  0.0000000E+00  0.5160279E+00
         1   100      8  0.8566364E+00  0.0000000E+00  0.5159206E+00
         1   100      9  0.8567009E+00  0.0000000E+00  0.5158134E+00
         1   100     10  0.8561828E+00  0.0000000E+00  0.5166730E+00
