# number of spin vectors:      11
# iteration   EID vector   S_X            S_Y            S_Z
         0     0      0  0.0000000E+00  0.0000000E+00  0.0000000E+00
         0     0      1  0.0000000E+00  0.0000000E+00  0.1000000E+01
         0     0      2  0.0000000E+00  0.0000000E+00  0.1000000E+01
         0     0      3  0.0000000E+00  0.0000000E+00  0.1000000E+01
         0     0      4  0.0000000E+00  0.0000000E+00  0.1000000E+01
         0     0      5  0.0000000E+00  0.0000000E+00  0.1000000E+01
         0     0      6  0.0000000E+00  0.0000000E+00  0.1000000E+01
         0     0      7  0.0000000E+00  0.0000000E+00  0.1000000E+01
         0     0      8  0.0000000E+00  0.0000000E+00  0.1000000E+01
         0     0      9  0.0000000E+00  0.0000000E+00  0.1000000E+01
         0     0     10  0.0000000E+00  0.0000000E+00  0.1000000E+01

         1     1      0  0.0000000E+00  0.0000000E+00  0.0000000E+00
         1     1      1  0.0000000E+00  0.0000000E+00  0.1000000E+01
         1     1      2  0.8266501E-04  0.0000000E+00  0.1000000E+01
         1     1      3  0.1239975E-03  0.0000000E+00  0.1000000E+01
         1     1      4  0.1653300E-03  0.0000000E+00  0.1000000E+01
         1     1      5  0.2066625E-03  0.0000000E+00  0.1000000E+01
         1     1      6  0.2479950E-03  0.0000000E+00  0.1000000E+01
         1     1      7  0.2893275E-03  0.0000000E+00  0.1000000E+01
         1     1      8  0.3306600E-03  0.0000000E+00  0.9999999E+00
         1     1      9  0.3719925E-03  0.0000000E+00  0.9999999E+00
         1     1     10  0.0000000E+00  0.0000000E+00  0.1000000E+01

         1     2      0  0.0000000E+00  0.0000000E+00  0.0000000E+00
         1     2      1  0.0000000E+00  0.0000000E+00  0.1000000E+01
         1     2      2  0.8266501E-04  0.0000000E+00  0.1000000E+01
         1     2      3  0.1239975E-03  0.0000000E+00  0.1000000E+01
         1     2      4  0.1653300E-03  0.0000000E+00  0.1000000E+01
         1     2      5  0.2066625E-03  0.0000000E+00  0.1000000E+01
         1     2      6  0.2479950E-03  0.0000000E+00  0.1000000E+01
         1     2      7  0.2893275E-03  0.0000000E+00  0.1000000E+01
         1     2      8  0.3306600E-03  0.0000000E+00  0.9999999E+00
         1     2      9  0.3719925E-03  0.0000000E+00  0.9999999E+00
         1     2     10  0.0000000E+00  0.0000000E+00  0.1000000E+01

         1     3      0  0.0000000E+00  0.0000000E+00  0.0000000E+00
         1     3      1  0.8553769E-01  0.0000000E+00  0.9963349E+00
         1     3      2  0.8557604E-01  0.0000000E+00  0.9963316E+00
         1     3      3  0.8559521E-01  0.0000000E+00  0.9963300E+00
         1     3      4  0.8561438E-01  0.0000000E+00  0.9963283E+00
         1     3      5  0.8563355E-01  0.0000000E+00  0.9963267E+00
         1     3      6  0.8565272E-01  0.0000000E+00  0.9963251E+00
         1     3      7  0.8567189E-01  0.0000000E+00  0.9963234E+00
         1     3      8  0.8569105E-01  0.0000000E+00  0.9963218E+00
         1     3      9  0.8571022E-01  0.0000000E+00  0.9963201E+00
         1     3     10  0.8577058E-01  0.0000000E+00  0.9963149E+00

         1     4      0  0.0000000E+00  0.0000000E+00  0.0000000E+00
         1     4      1  0.8553769E-01  0.0000000E+00  0.9963349E+00
         1     4      2  0.8557604E-01  0.0000000E+00  0.9963316E+00
         1     4      3  0.8559521E-01  0.0000000E+00  0.9963300E+00
         1     4      4  0.8561438E-01  0.0000000E+00  0.9963283E+00
         1     4      5  0.8563355E-01  0.0000000E+00  0.9963267E+00
         1     4      6  0.8565272E-01  0.0000000E+00  0.9963251E+00
         1     4      7  0.8567189E-01  0.0000000E+00  0.9963234E+00
         1     4      8  0.8569105E-01  0.0000000E+00  0.9963218E+00
         1     4      9  0.8571022E-01  0.0000000E+00  0.9963201E+00
         1     4     10  0.8577058E-01  0.0000000E+00  0.9963149E+00

         1     5      0  0.0000000E+00  0.0000000E+00  0.0000000E+00
         1     5      1  0.8553769E-01  0.0000000E+00  0.9963349E+00
         1     5      2  0.8557607E-01  0.0000000E+00  0.9963316E+00
         1     5      3  0.8559527E-01  0.0000000E+00  0.9963300E+00
         1     5      4  0.8561449E-01  0.0000000E+00  0.9963283E+00
         1     5      5  0.8563372E-01  0.0000000E+00  0.9963267E+00
         1     5      6  0.8565296E-01  0.0000000E+00  0.9963250E+00
         1     5      7  0.8567222E-01  0.0000000E+00  0.9963234E+00
         1     5      8  0.8569149E-01  0.0000000E+00  0.9963217E+00
         1     5      9  0.8571077E-01  0.0000000E+00  0.9963201E+00
         1     5     10  0.8577059E-01  0.0000000E+00  0.9963149E+00

         1     6      0  0.0000000E+00  0.0000000E+00  0.0000000E+00
         1     6      1  0.8553769E-01  0.0000000E+00  0.9963349E+00
         1     6      2  0.8557607E-01  0.0000000E+00  0.9963316E+00
         1     6      3  0.8559527E-01  0.0000000E+00  0.9963300E+00
         1     6      4  0.8561449E-01  0.0000000E+00  0.9963283E+00
         1     6      5  0.8563372E-01  0.0000000E+00  0.9963267E+00
         1     6      6  0.8565296E-01  0.0000000E+00  0.9963250E+00
         1     6      7  0.8567222E-01  0.0000000E+00  0.9963234E+00
         1     6      8  0.8569149E-01  0.0000000E+00  0.9963217E+00
         1     6      9  0.8571077E-01  0.0000000E+00  0.9963201E+00
         1     6     10  0.8577059E-01  0.0000000E+00  0.9963149E+00

         1     7      0  0.0000000E+00  0.0000000E+00  0.0000000E+00
         1     7      1  0.8553769E-01  0.0000000E+00  0.9963349E+00
         1     7      2  0.8546193E-01  0.0000000E+00  0.9963414E+00
         1     7      3  0.8542406E-01  0.0000000E+00  0.9963447E+00
         1     7      4  0.8538621E-01  0.0000000E+00  0.9963479E+00
         1     7      5  0.8534836E-01  0.0000000E+00  0.9963512E+00
         1     7      6  0.8531053E-01  0.0000000E+00  0.9963544E+00
         1     7      7  0.8527271E-01  0.0000000E+00  0.9963576E+00
         1     7      8  0.8523489E-01  0.0000000E+00  0.9963609E+00
         1     7      9  0.8519709E-01  0.0000000E+00  0.9963641E+00
         1     7     10  0.8568894E-01  0.0000000E+00  0.9963219E+00

         1     8      0  0.0000000E+00  0.0000000E+00  0.0000000E+00
         1     8      1  0.8553769E-01  0.0000000E+00  0.9963349E+00
         1     8      2  0.8534913E-01  0.0000000E+00  0.9963511E+00
         1     8      3  0.8525486E-01  0.0000000E+00  0.9963592E+00
         1     8      4  0.8516059E-01  0.0000000E+00  0.9963672E+00
         1     8      5  0.8506634E-01  0.0000000E+00  0.9963753E+00
         1     8      6  0.8497209E-01  0.0000000E+00  0.9963833E+00
         1     8      7  0.8487785E-01  0.0000000E+00  0.9963914E+00
         1     8      8  0.8478362E-01  0.0000000E+00  0.9963994E+00
         1     8      9  0.8468939E-01  0.0000000E+00  0.9964074E+00
         1     8     10  0.8560482E-01  0.0000000E+00  0.9963292E+00

         1     9      0  0.0000000E+00  0.0000000E+00  0.0000000E+00
         1     9      1  0.8553769E-01  0.0000000E+00  0.9963349E+00
         1     9      2  0.8534913E-01  0.0000000E+00  0.9963511E+00
         1     9      3  0.8525486E-01  0.0000000E+00  0.9963592E+00
         1     9      4  0.8516059E-01  0.0000000E+00  0.9963672E+00
         1     9      5  0.8506634E-01  0.0000000E+00  0.9963753E+00
         1     9      6  0.8497209E-01  0.0000000E+00  0.9963833E+00
         1     9      7  0.8487785E-01  0.0000000E+00  0.9963914E+00
         1     9      8  0.8478362E-01  0.0000000E+00  0.9963994E+00
         1     9      9  0.8468939E-01  0.0000000E+00  0.9964074E+00
         1     9     10  0.8560482E-01  0.0000000E+00  0.9963292E+00

         1    10      0  0.0000000E+00  0.0000000E+00  0.0000000E+00
         1    10      1  0.1704484E+00  0.0000000E+00  0.9853666E+00
         1    10      2  0.1702430E+00  0.0000000E+00  0.9854021E+00
         1    10      3  0.1701403E+00  0.0000000E+00  0.9854199E+00
         1    10      4  0.1700375E+00  0.0000000E+00  0.9854376E+00
         1    10      5  0.1699348E+00  0.0000000E+00  0.9854553E+00
         1    10      6  0.1698321E+00  0.0000000E+00  0.9854730E+00
         1    10      7  0.1697294E+00  0.0000000E+00  0.9854907E+00
         1    10      8  0.1696267E+00  0.0000000E+00  0.9855084E+00
         1    10      9  0.1695240E+00  0.0000000E+00  0.9855261E+00
         1    10     10  0.1706995E+00  0.0000000E+00  0.9853231E+00

         1    11      0  0.0000000E+00  0.0000000E+00  0.0000000E+00
         1    11      1  0.1704484E+00  0.0000000E+00  0.9853666E+00
         1    11      2  0.1702430E+00  0.0000000E+00  0.9854021E+00
         1    11      3  0.1701403E+00  0.0000000E+00  0.9854199E+00
         1    11      4  0.1700375E+00  0.0000000E+00  0.9854376E+00
         1    11      5  0.1699348E+00  0.0000000E+00  0.9854553E+00
         1    11      6  0.1698321E+00  0.0000000E+00  0.9854730E+00
         1    11      7  0.1697294E+00  0.0000000E+00  0.9854907E+00
         1    11      8  0.1696267E+00  0.0000000E+00  0.9855084E+00
         1    11      9  0.1695240E+00  0.0000000E+00  0.9855261E+00
         1    11     10  0.1706995E+00  0.0000000E+00  0.9853231E+00

         1    12      0  0.0000000E+00  0.0000000E+00  0.0000000E+00
         1    12      1  0.1704484E+00  0.0000000E+00  0.9853666E+00
         1    12      2  0.1702430E+00  0.0000000E+00  0.9854021E+00
         1    12      3  0.1701402E+00  0.0000000E+00  0.9854199E+00
         1    12      4  0.1700375E+00  0.0000000E+00  0.9854376E+00
         1    12      5  0.1699348E+00  0.0000000E+00  0.9854553E+00
         1    12      6  0.1698321E+00  0.0000000E+00  0.9854730E+00
         1    12      7  0.1697294E+00  0.0000000E+00  0.9854907E+00
         1    12      8  0.1696266E+00  0.0000000E+00  0.9855084E+00
         1    12      9  0.1695239E+00  0.0000000E+00  0.9855261E+00
         1    12     10  0.1706993E+00  0.0000000E+00  0.9853232E+00

         1    13      0  0.0000000E+00  0.0000000E+00  0.0000000E+00
         1    13      1  0.1704484E+00  0.0000000E+00  0.9853666E+00
         1    13      2  0.1702430E+00  0.0000000E+00  0.9854021E+00
         1    13      3  0.1701402E+00  0.0000000E+00  0.9854199E+00
         1    13      4  0.1700375E+00  0.0000000E+00  0.9854376E+00
         1    13      5  0.1699348E+00  0.0000000E+00  0.9854553E+00
         1    13      6  0.1698321E+00  0.0000000E+00  0.9854730E+00
         1    13      7  0.1697294E+00  0.0000000E+00  0.9854907E+00
         1    13      8  0.1696266E+00  0.0000000E+00  0.9855084E+00
         1    13      9  0.1695239E+00  0.0000000E+00  0.9855261E+00
         1    13     10  0.1706993E+00  0.0000000E+00  0.9853232E+00

         1    14      0  0.0000000E+00  0.0000000E+00  0.0000000E+00
         1    14      1  0.1704484E+00  0.0000000E+00  0.9853666E+00
         1    14      2  0.1702046E+00  0.0000000E+00  0.9854087E+00
         1    14      3  0.1700828E+00  0.0000000E+00  0.9854298E+00
         1    14      4  0.1699609E+00  0.0000000E+00  0.9854508E+00
         1    14      5  0.1698390E+00  0.0000000E+00  0.9854718E+00
         1    14      6  0.1697172E+00  0.0000000E+00  0.9854928E+00
         1    14      7  0.1695953E+00  0.0000000E+00  0.9855138E+00
         1    14      8  0.1694734E+00  0.0000000E+00  0.9855348E+00
         1    14      9  0.1693516E+00  0.0000000E+00  0.9855557E+00
         1    14     10  0.1709212E+00  0.0000000E+00  0.9852847E+00

         1    15      0  0.0000000E+00  0.0000000E+00  0.0000000E+00
         1    15      1  0.1704484E+00  0.0000000E+00  0.9853666E+00
         1    15      2  0.1701615E+00  0.0000000E+00  0.9854162E+00
         1    15      3  0.1700181E+00  0.0000000E+00  0.9854409E+00
         1    15      4  0.1698747E+00  0.0000000E+00  0.9854657E+00
         1    15      5  0.1697312E+00  0.0000000E+00  0.9854904E+00
         1    15      6  0.1695878E+00  0.0000000E+00  0.9855151E+00
         1    15      7  0.1694444E+00  0.0000000E+00  0.9855398E+00
         1    15      8  0.1693010E+00  0.0000000E+00  0.9855644E+00
         1    15      9  0.1691576E+00  0.0000000E+00  0.9855890E+00
         1    15     10  0.1711521E+00  0.0000000E+00  0.9852446E+00

         1    16      0  0.0000000E+00  0.0000000E+00  0.0000000E+00
         1    16      1  0.1704484E+00  0.0000000E+00  0.9853666E+00
         1    16      2  0.1701615E+00  0.0000000E+00  0.9854162E+00
         1    16      3  0.1700181E+00  0.0000000E+00  0.9854409E+00
         1    16      4  0.1698747E+00  0.0000000E+00  0.9854657E+00
         1    16      5  0.1697312E+00  0.0000000E+00  0.9854904E+00
         1    16      6  0.1695878E+00  0.0000000E+00  0.9855151E+00
         1    16      7  0.1694444E+00  0.0000000E+00  0.9855398E+00
         1    16      8  0.1693010E+00  0.0000000E+00  0.9855644E+00
         1    16      9  0.1691576E+00  0.0000000E+00  0.9855890E+00
         1    16     10  0.1711521E+00  0.0000000E+00  0.9852446E+00

         1    17      0  0.0000000E+00  0.0000000E+00  0.0000000E+00
         1    17      1  0.2541097E+00  0.0000000E+00  0.9671754E+00
         1    17      2  0.2538893E+00  0.0000000E+00  0.9672333E+00
         1    17      3  0.2537792E+00  0.0000000E+00  0.9672622E+00
         1    17      4  0.2536690E+00  0.0000000E+00  0.9672911E+00
         1    17      5  0.2535588E+00  0.0000000E+00  0.9673200E+00
         1    17      6  0.2534486E+00  0.0000000E+00  0.9673489E+00
         1    17      7  0.2533384E+00  0.0000000E+00  0.9673777E+00
         1    17      8  0.2532281E+00  0.0000000E+00  0.9674066E+00
         1    17      9  0.2531179E+00  0.0000000E+00  0.9674354E+00
         1    17     10  0.2548336E+00  0.0000000E+00  0.9669849E+00

         1    18      0  0.0000000E+00  0.0000000E+00  0.0000000E+00
         1    18      1  0.2541097E+00  0.0000000E+00  0.9671754E+00
         1    18      2  0.2538893E+00  0.0000000E+00  0.9672333E+00
         1    18      3  0.2537792E+00  0.0000000E+00  0.9672622E+00
         1    18      4  0.2536690E+00  0.0000000E+00  0.9672911E+00
         1    18      5  0.2535588E+00  0.0000000E+00  0.9673200E+00
         1    18      6  0.2534486E+00  0.0000000E+00  0.9673489E+00
         1    18      7  0.2533384E+00  0.0000000E+00  0.9673777E+00
         1    18      8  0.2532281E+00  0.0000000E+00  0.9674066E+00
         1    18      9  0.2531179E+00  0.0000000E+00  0.9674354E+00
         1    18     10  0.2548336E+00  0.0000000E+00  0.9669849E+00

         1    19      0  0.0000000E+00  0.0000000E+00  0.0000000E+00
         1    19      1  0.2541097E+00  0.0000000E+00  0.9671754E+00
         1    19      2  0.2538893E+00  0.0000000E+00  0.9672333E+00
         1    19      3  0.2537790E+00  0.0000000E+00  0.9672622E+00
         1    19      4  0.2536686E+00  0.0000000E+00  0.9672912E+00
         1    19      5  0.2535582E+00  0.0000000E+00  0.9673201E+00
         1    19      6  0.2534478E+00  0.0000000E+00  0.9673491E+00
         1    19      7  0.2533373E+00  0.0000000E+00  0.9673780E+00
         1    19      8  0.2532267E+00  0.0000000E+00  0.9674070E+00
         1    19      9  0.2531161E+00  0.0000000E+00  0.9674359E+00
         1    19     10  0.2548327E+00  0.0000000E+00  0.9669852E+00

         1    20      0  0.0000000E+00  0.0000000E+00  0.0000000E+00
         1    20      1  0.2541097E+00  0.0000000E+00  0.9671754E+00
         1    20      2  0.2538893E+00  0.0000000E+00  0.9672333E+00
         1    20      3  0.2537790E+00  0.0000000E+00  0.9672622E+00
         1    20      4  0.2536686E+00  0.0000000E+00  0.9672912E+00
         1    20      5  0.2535582E+00  0.0000000E+00  0.9673201E+00
         1    20      6  0.2534478E+00  0.0000000E+00  0.9673491E+00
         1    20      7  0.2533373E+00  0.0000000E+00  0.9673780E+00
         1    20      8  0.2532267E+00  0.0000000E+00  0.9674070E+00
         1    20      9  0.2531161E+00  0.0000000E+00  0.9674359E+00
         1    20     10  0.2548327E+00  0.0000000E+00  0.9669852E+00

         1    21      0  0.0000000E+00  0.0000000E+00  0.0000000E+00
         1    21      1  0.2541097E+00  0.0000000E+00  0.9671754E+00
         1    21      2  0.2541095E+00  0.0000000E+00  0.9671754E+00
         1    21      3  0.2541094E+00  0.0000000E+00  0.9671755E+00
         1    21      4  0.2541091E+00  0.0000000E+00  0.9671755E+00
         1    21      5  0.2541089E+00  0.0000000E+00  0.9671756E+00
         1    21      6  0.2541085E+00  0.0000000E+00  0.9671757E+00
         1    21      7  0.2541081E+00  0.0000000E+00  0.9671758E+00
         1    21      8  0.2541076E+00  0.0000000E+00  0.9671760E+00
         1    21      9  0.2541070E+00  0.0000000E+00  0.9671761E+00
         1    21     10  0.2541401E+00  0.0000000E+00  0.9671674E+00

         1    22      0  0.0000000E+00  0.0000000E+00  0.0000000E+00
         1    22      1  0.2541097E+00  0.0000000E+00  0.9671754E+00
         1    22      2  0.2543298E+00  0.0000000E+00  0.9671176E+00
         1    22      3  0.2544397E+00  0.0000000E+00  0.9670886E+00
         1    22      4  0.2545496E+00  0.0000000E+00  0.9670597E+00
         1    22      5  0.2546594E+00  0.0000000E+00  0.9670308E+00
         1    22      6  0.2547691E+00  0.0000000E+00  0.9670019E+00
         1    22      7  0.2548788E+00  0.0000000E+00  0.9669730E+00
         1    22      8  0.2549883E+00  0.0000000E+00  0.9669441E+00
         1    22      9  0.2550978E+00  0.0000000E+00  0.9669153E+00
         1    22     10  0.2534473E+00  0.0000000E+00  0.9673492E+00

         1    23      0  0.0000000E+00  0.0000000E+00  0.0000000E+00
         1    23      1  0.2541097E+00  0.0000000E+00  0.9671754E+00
         1    23      2  0.2543298E+00  0.0000000E+00  0.9671176E+00
         1    23      3  0.2544397E+00  0.0000000E+00  0.9670886E+00
         1    23      4  0.2545496E+00  0.0000000E+00  0.9670597E+00
         1    23      5  0.2546594E+00  0.0000000E+00  0.9670308E+00
         1    23      6  0.2547691E+00  0.0000000E+00  0.9670019E+00
         1    23      7  0.2548788E+00  0.0000000E+00  0.9669730E+00
         1    23      8  0.2549883E+00  0.0000000E+00  0.9669441E+00
         1    23      9  0.2550978E+00  0.0000000E+00  0.9669153E+00
         1    23     10  0.2534473E+00  0.0000000E+00  0.9673492E+00

         1    24      0  0.0000000E+00  0.0000000E+00  0.0000000E+00
         1    24      1  0.3359083E+00  0.0000000E+00  0.9418947E+00
         1    24      2  0.3361823E+00  0.0000000E+00  0.9417969E+00
         1    24      3  0.3363192E+00  0.0000000E+00  0.9417480E+00
         1    24      4  0.3364561E+00  0.0000000E+00  0.9416992E+00
         1    24      5  0.3365928E+00  0.0000000E+00  0.9416503E+00
         1    24      6  0.3367295E+00  0.0000000E+00  0.9416014E+00
         1    24      7  0.3368661E+00  0.0000000E+00  0.9415526E+00
         1    24      8  0.3370026E+00  0.0000000E+00  0.9415037E+00
         1    24      9  0.3371390E+00  0.0000000E+00  0.9414549E+00
         1    24     10  0.3352957E+00  0.0000000E+00  0.9421129E+00

         1    25      0  0.0000000E+00  0.0000000E+00  0.0000000E+00
         1    25      1  0.3359083E+00  0.0000000E+00  0.9418947E+00
         1    25      2  0.3361823E+00  0.0000000E+00  0.9417969E+00
         1    25      3  0.3363192E+00  0.0000000E+00  0.9417480E+00
         1    25      4  0.3364561E+00  0.0000000E+00  0.9416992E+00
         1    25      5  0.3365928E+00  0.0000000E+00  0.9416503E+00
         1    25      6  0.3367295E+00  0.0000000E+00  0.9416014E+00
         1    25      7  0.3368661E+00  0.0000000E+00  0.9415526E+00
         1    25      8  0.3370026E+00  0.0000000E+00  0.9415037E+00
         1    25      9  0.3371390E+00  0.0000000E+00  0.9414549E+00
         1    25     10  0.3352957E+00  0.0000000E+00  0.9421129E+00

         1    26      0  0.0000000E+00  0.0000000E+00  0.0000000E+00
         1    26      1  0.3359083E+00  0.0000000E+00  0.9418947E+00
         1    26      2  0.3361823E+00  0.0000000E+00  0.9417969E+00
         1    26      3  0.3363192E+00  0.0000000E+00  0.9417480E+00
         1    26      4  0.3364560E+00  0.0000000E+00  0.9416992E+00
         1    26      5  0.3365927E+00  0.0000000E+00  0.9416503E+00
         1    26      6  0.3367294E+00  0.0000000E+00  0.9416015E+00
         1    26      7  0.3368659E+00  0.0000000E+00  0.9415526E+00
         1    26      8  0.3370024E+00  0.0000000E+00  0.9415038E+00
         1    26      9  0.3371388E+00  0.0000000E+00  0.9414550E+00
         1    26     10  0.3352955E+00  0.0000000E+00  0.9421130E+00

         1    27      0  0.0000000E+00  0.0000000E+00  0.0000000E+00
         1    27      1  0.3359083E+00  0.0000000E+00  0.9418947E+00
         1    27      2  0.3361823E+00  0.0000000E+00  0.9417969E+00
         1    27      3  0.3363192E+00  0.0000000E+00  0.9417480E+00
         1    27      4  0.3364560E+00  0.0000000E+00  0.9416992E+00
         1    27      5  0.3365927E+00  0.0000000E+00  0.9416503E+00
         1    27      6  0.3367294E+00  0.0000000E+00  0.9416015E+00
         1    27      7  0.3368659E+00  0.0000000E+00  0.9415526E+00
         1    27      8  0.3370024E+00  0.0000000E+00  0.9415038E+00
         1    27      9  0.3371388E+00  0.0000000E+00  0.9414550E+00
         1    27     10  0.3352955E+00  0.0000000E+00  0.9421130E+00

         1    28      0  0.0000000E+00  0.0000000E+00  0.0000000E+00
         1    28      1  0.3359083E+00  0.0000000E+00  0.9418947E+00
         1    28      2  0.3361410E+00  0.0000000E+00  0.9418117E+00
         1    28      3  0.3362571E+00  0.0000000E+00  0.9417702E+00
         1    28      4  0.3363731E+00  0.0000000E+00  0.9417288E+00
         1    28      5  0.3364889E+00  0.0000000E+00  0.9416874E+00
         1    28      6  0.3366046E+00  0.0000000E+00  0.9416461E+00
         1    28      7  0.3367201E+00  0.0000000E+00  0.9416048E+00
         1    28      8  0.3368355E+00  0.0000000E+00  0.9415635E+00
         1    28      9  0.3369507E+00  0.0000000E+00  0.9415223E+00
         1    28     10  0.3355155E+00  0.0000000E+00  0.9420347E+00

         1    29      0  0.0000000E+00  0.0000000E+00  0.0000000E+00
         1    29      1  0.3359083E+00  0.0000000E+00  0.9418947E+00
         1    29      2  0.3361042E+00  0.0000000E+00  0.9418248E+00
         1    29      3  0.3362019E+00  0.0000000E+00  0.9417900E+00
         1    29      4  0.3362993E+00  0.0000000E+00  0.9417552E+00
         1    29      5  0.3363965E+00  0.0000000E+00  0.9417204E+00
         1    29      6  0.3364935E+00  0.0000000E+00  0.9416858E+00
         1    29      7  0.3365903E+00  0.0000000E+00  0.9416512E+00
         1    29      8  0.3366869E+00  0.0000000E+00  0.9416167E+00
         1    29      9  0.3367832E+00  0.0000000E+00  0.9415822E+00
         1    29     10  0.3357270E+00  0.0000000E+00  0.9419593E+00

         1    30      0  0.0000000E+00  0.0000000E+00  0.0000000E+00
         1    30      1  0.3359083E+00  0.0000000E+00  0.9418947E+00
         1    30      2  0.3361042E+00  0.0000000E+00  0.9418248E+00
         1    30      3  0.3362019E+00  0.0000000E+00  0.9417900E+00
         1    30      4  0.3362993E+00  0.0000000E+00  0.9417552E+00
         1    30      5  0.3363965E+00  0.0000000E+00  0.9417204E+00
         1    30      6  0.3364935E+00  0.0000000E+00  0.9416858E+00
         1    30      7  0.3365903E+00  0.0000000E+00  0.9416512E+00
         1    30      8  0.3366869E+00  0.0000000E+00  0.9416167E+00
         1    30      9  0.3367832E+00  0.0000000E+00  0.9415822E+00
         1    30     10  0.3357270E+00  0.0000000E+00  0.9419593E+00

         1    31      0  0.0000000E+00  0.0000000E+00  0.0000000E+00
         1    31      1  0.4152447E+00  0.0000000E+00  0.9097098E+00
         1    31      2  0.4154165E+00  0.0000000E+00  0.9096313E+00
         1    31      3  0.4155022E+00  0.0000000E+00  0.9095922E+00
         1    31      4  0.4155878E+00  0.0000000E+00  0.9095531E+00
         1    31      5  0.4156732E+00  0.0000000E+00  0.9095141E+00
         1    31      6  0.4157584E+00  0.0000000E+00  0.9094751E+00
         1    31      7  0.4158435E+00  0.0000000E+00  0.9094362E+00
         1    31      8  0.4159284E+00  0.0000000E+00  0.9093974E+00
         1    31      9  0.4160132E+00  0.0000000E+00  0.9093586E+00
         1    31     10  0.4152407E+00  0.0000000E+00  0.9097116E+00

         1    32      0  0.0000000E+00  0.0000000E+00  0.0000000E+00
         1    32      1  0.4152447E+00  0.0000000E+00  0.9097098E+00
         1    32      2  0.4154165E+00  0.0000000E+00  0.9096313E+00
         1    32      3  0.4155022E+00  0.0000000E+00  0.9095922E+00
         1    32      4  0.4155878E+00  0.0000000E+00  0.9095531E+00
         1    32      5  0.4156732E+00  0.0000000E+00  0.9095141E+00
         1    32      6  0.4157584E+00  0.0000000E+00  0.9094751E+00
         1    32      7  0.4158435E+00  0.0000000E+00  0.9094362E+00
         1    32      8  0.4159284E+00  0.0000000E+00  0.9093974E+00
         1    32      9  0.4160132E+00  0.0000000E+00  0.9093586E+00
         1    32     10  0.4152407E+00  0.0000000E+00  0.9097116E+00

         1    33      0  0.0000000E+00  0.0000000E+00  0.0000000E+00
         1    33      1  0.4152447E+00  0.0000000E+00  0.9097098E+00
         1    33      2  0.4154166E+00  0.0000000E+00  0.9096313E+00
         1    33      3  0.4155023E+00  0.0000000E+00  0.9095921E+00
         1    33      4  0.4155879E+00  0.0000000E+00  0.9095530E+00
         1    33      5  0.4156733E+00  0.0000000E+00  0.9095140E+00
         1    33      6  0.4157586E+00  0.0000000E+00  0.9094750E+00
         1    33      7  0.4158438E+00  0.0000000E+00  0.9094361E+00
         1    33      8  0.4159288E+00  0.0000000E+00  0.9093972E+00
         1    33      9  0.4160136E+00  0.0000000E+00  0.9093584E+00
         1    33     10  0.4152407E+00  0.0000000E+00  0.9097116E+00

         1    34      0  0.0000000E+00  0.0000000E+00  0.0000000E+00
         1    34      1  0.4152447E+00  0.0000000E+00  0.9097098E+00
         1    34      2  0.4154166E+00  0.0000000E+00  0.9096313E+00
         1    34      3  0.4155023E+00  0.0000000E+00  0.9095921E+00
         1    34      4  0.4155879E+00  0.0000000E+00  0.9095530E+00
         1    34      5  0.4156733E+00  0.0000000E+00  0.9095140E+00
         1    34      6  0.4157586E+00  0.0000000E+00  0.9094750E+00
         1    34      7  0.4158438E+00  0.0000000E+00  0.9094361E+00
         1    34      8  0.4159288E+00  0.0000000E+00  0.9093972E+00
         1    34      9  0.4160136E+00  0.0000000E+00  0.9093584E+00
         1    34     10  0.4152407E+00  0.0000000E+00  0.9097116E+00

         1    35      0  0.0000000E+00  0.0000000E+00  0.0000000E+00
         1    35      1  0.4152447E+00  0.0000000E+00  0.9097098E+00
         1    35      2  0.4153139E+00  0.0000000E+00  0.9096782E+00
         1    35      3  0.4153486E+00  0.0000000E+00  0.9096623E+00
         1    35      4  0.4153834E+00  0.0000000E+00  0.9096464E+00
         1    35      5  0.4154182E+00  0.0000000E+00  0.9096306E+00
         1    35      6  0.4154530E+00  0.0000000E+00  0.9096147E+00
         1    35      7  0.4154878E+00  0.0000000E+00  0.9095987E+00
         1    35      8  0.4155227E+00  0.0000000E+00  0.9095828E+00
         1    35      9  0.4155577E+00  0.0000000E+00  0.9095668E+00
         1    35     10  0.4151658E+00  0.0000000E+00  0.9097458E+00

         1    36      0  0.0000000E+00  0.0000000E+00  0.0000000E+00
         1    36      1  0.4152447E+00  0.0000000E+00  0.9097098E+00
         1    36      2  0.4152101E+00  0.0000000E+00  0.9097256E+00
         1    36      3  0.4151931E+00  0.0000000E+00  0.9097333E+00
         1    36      4  0.4151764E+00  0.0000000E+00  0.9097409E+00
         1    36      5  0.4151599E+00  0.0000000E+00  0.9097485E+00
         1    36      6  0.4151436E+00  0.0000000E+00  0.9097559E+00
         1    36      7  0.4151276E+00  0.0000000E+00  0.9097632E+00
         1    36      8  0.4151117E+00  0.0000000E+00  0.9097704E+00
         1    36      9  0.4150961E+00  0.0000000E+00  0.9097776E+00
         1    36     10  0.4150932E+00  0.0000000E+00  0.9097789E+00

         1    37      0  0.0000000E+00  0.0000000E+00  0.0000000E+00
         1    37      1  0.4152447E+00  0.0000000E+00  0.9097098E+00
         1    37      2  0.4152101E+00  0.0000000E+00  0.9097256E+00
         1    37      3  0.4151931E+00  0.0000000E+00  0.9097333E+00
         1    37      4  0.4151764E+00  0.0000000E+00  0.9097409E+00
         1    37      5  0.4151599E+00  0.0000000E+00  0.9097485E+00
         1    37      6  0.4151436E+00  0.0000000E+00  0.9097559E+00
         1    37      7  0.4151276E+00  0.0000000E+00  0.9097632E+00
         1    37      8  0.4151117E+00  0.0000000E+00  0.9097704E+00
         1    37      9  0.4150961E+00  0.0000000E+00  0.9097776E+00
         1    37     10  0.4150932E+00  0.0000000E+00  0.9097789E+00

         1    38      0  0.0000000E+00  0.0000000E+00  0.0000000E+00
         1    38      1  0.4915372E+00  0.0000000E+00  0.8708566E+00
         1    38      2  0.4914658E+00  0.0000000E+00  0.8708969E+00
         1    38      3  0.4914304E+00  0.0000000E+00  0.8709169E+00
         1    38      4  0.4913953E+00  0.0000000E+00  0.8709367E+00
         1    38      5  0.4913604E+00  0.0000000E+00  0.8709563E+00
         1    38      6  0.4913258E+00  0.0000000E+00  0.8709758E+00
         1    38      7  0.4912915E+00  0.0000000E+00  0.8709952E+00
         1    38      8  0.4912574E+00  0.0000000E+00  0.8710144E+00
         1    38      9  0.4912236E+00  0.0000000E+00  0.8710335E+00
         1    38     10  0.4915962E+00  0.0000000E+00  0.8708233E+00

         1    39      0  0.0000000E+00  0.0000000E+00  0.0000000E+00
         1    39      1  0.4915372E+00  0.0000000E+00  0.8708566E+00
         1    39      2  0.4914658E+00  0.0000000E+00  0.8708969E+00
         1    39      3  0.4914304E+00  0.0000000E+00  0.8709169E+00
         1    39      4  0.4913953E+00  0.0000000E+00  0.8709367E+00
         1    39      5  0.4913604E+00  0.0000000E+00  0.8709563E+00
         1    39      6  0.4913258E+00  0.0000000E+00  0.8709758E+00
         1    39      7  0.4912915E+00  0.0000000E+00  0.8709952E+00
         1    39      8  0.4912574E+00  0.0000000E+00  0.8710144E+00
         1    39      9  0.4912236E+00  0.0000000E+00  0.8710335E+00
         1    39     10  0.4915962E+00  0.0000000E+00  0.8708233E+00

         1    40      0  0.0000000E+00  0.0000000E+00  0.0000000E+00
         1    40      1  0.4915372E+00  0.0000000E+00  0.8708566E+00
         1    40      2  0.4915377E+00  0.0000000E+00  0.8708563E+00
         1    40      3  0.4915384E+00  0.0000000E+00  0.8708559E+00
         1    40      4  0.4915392E+00  0.0000000E+00  0.8708554E+00
         1    40      5  0.4915404E+00  0.0000000E+00  0.8708548E+00
         1    40      6  0.4915418E+00  0.0000000E+00  0.8708540E+00
         1    40      7  0.4915434E+00  0.0000000E+00  0.8708531E+00
         1    40      8  0.4915453E+00  0.0000000E+00  0.8708520E+00
         1    40      9  0.4915474E+00  0.0000000E+00  0.8708508E+00
         1    40     10  0.4915962E+00  0.0000000E+00  0.8708233E+00

         1    41      0  0.0000000E+00  0.0000000E+00  0.0000000E+00
         1    41      1  0.4915372E+00  0.0000000E+00  0.8708566E+00
         1    41      2  0.4915910E+00  0.0000000E+00  0.8708262E+00
         1    41      3  0.4916182E+00  0.0000000E+00  0.8708108E+00
         1    41      4  0.4916457E+00  0.0000000E+00  0.8707953E+00
         1    41      5  0.4916735E+00  0.0000000E+00  0.8707796E+00
         1    41      6  0.4917015E+00  0.0000000E+00  0.8707638E+00
         1    41      7  0.4917298E+00  0.0000000E+00  0.8707479E+00
         1    41      8  0.4917583E+00  0.0000000E+00  0.8707318E+00
         1    41      9  0.4917870E+00  0.0000000E+00  0.8707155E+00
         1    41     10  0.4915962E+00  0.0000000E+00  0.8708233E+00

         1    42      0  0.0000000E+00  0.0000000E+00  0.0000000E+00
         1    42      1  0.4915372E+00  0.0000000E+00  0.8708566E+00
         1    42      2  0.4915910E+00  0.0000000E+00  0.8708262E+00
         1    42      3  0.4916182E+00  0.0000000E+00  0.8708108E+00
         1    42      4  0.4916457E+00  0.0000000E+00  0.8707953E+00
         1    42      5  0.4916735E+00  0.0000000E+00  0.8707796E+00
         1    42      6  0.4917015E+00  0.0000000E+00  0.8707638E+00
         1    42      7  0.4917298E+00  0.0000000E+00  0.8707479E+00
         1    42      8  0.4917583E+00  0.0000000E+00  0.8707318E+00
         1    42      9  0.4917870E+00  0.0000000E+00  0.8707155E+00
         1    42     10  0.4915962E+00  0.0000000E+00  0.8708233E+00

         1    43      0  0.0000000E+00  0.0000000E+00  0.0000000E+00
         1    43      1  0.4915372E+00  0.0000000E+00  0.8708566E+00
         1    43      2  0.4915910E+00  0.0000000E+00  0.8708262E+00
         1    43      3  0.4916182E+00  0.0000000E+00  0.8708108E+00
         1    43      4  0.4916457E+00  0.0000000E+00  0.8707953E+00
         1    43      5  0.4916735E+00  0.0000000E+00  0.8707796E+00
         1    43      6  0.4917015E+00  0.0000000E+00  0.8707638E+00
         1    43      7  0.4917298E+00  0.0000000E+00  0.8707479E+00
         1    43      8  0.4917583E+00  0.0000000E+00  0.8707318E+00
         1    43      9  0.4917870E+00  0.0000000E+00  0.8707155E+00
         1    43     10  0.4915962E+00  0.0000000E+00  0.8708233E+00

         1    44      0  0.0000000E+00  0.0000000E+00  0.0000000E+00
         1    44      1  0.4915372E+00  0.0000000E+00  0.8708566E+00
         1    44      2  0.4915910E+00  0.0000000E+00  0.8708262E+00
         1    44      3  0.4916182E+00  0.0000000E+00  0.8708108E+00
         1    44      4  0.4916457E+00  0.0000000E+00  0.8707953E+00
         1    44      5  0.4916735E+00  0.0000000E+00  0.8707796E+00
         1    44      6  0.4917015E+00  0.0000000E+00  0.8707638E+00
         1    44      7  0.4917298E+00  0.0000000E+00  0.8707479E+00
         1    44      8  0.4917583E+00  0.0000000E+00  0.8707318E+00
         1    44      9  0.4917870E+00  0.0000000E+00  0.8707155E+00
         1    44     10  0.4915962E+00  0.0000000E+00  0.8708233E+00

         1    45      0  0.0000000E+00  0.0000000E+00  0.0000000E+00
         1    45      1  0.4915372E+00  0.0000000E+00  0.8708566E+00
         1    45      2  0.4914737E+00  0.0000000E+00  0.8708924E+00
         1    45      3  0.4914420E+00  0.0000000E+00  0.8709103E+00
         1    45      4  0.4914103E+00  0.0000000E+00  0.8709282E+00
         1    45      5  0.4913787E+00  0.0000000E+00  0.8709460E+00
         1    45      6  0.4913470E+00  0.0000000E+00  0.8709639E+00
         1    45      7  0.4913155E+00  0.0000000E+00  0.8709817E+00
         1    45      8  0.4912839E+00  0.0000000E+00  0.8709995E+00
         1    45      9  0.4912525E+00  0.0000000E+00  0.8710172E+00
         1    45     10  0.4915939E+00  0.0000000E+00  0.8708246E+00

         1    46      0  0.0000000E+00  0.0000000E+00  0.0000000E+00
         1    46      1  0.4915372E+00  0.0000000E+00  0.8708566E+00
         1    46      2  0.4913576E+00  0.0000000E+00  0.8709579E+00
         1    46      3  0.4912676E+00  0.0000000E+00  0.8710087E+00
         1    46      4  0.4911773E+00  0.0000000E+00  0.8710596E+00
         1    46      5  0.4910869E+00  0.0000000E+00  0.8711106E+00
         1    46      6  0.4909963E+00  0.0000000E+00  0.8711617E+00
         1    46      7  0.4909055E+00  0.0000000E+00  0.8712128E+00
         1    46      8  0.4908145E+00  0.0000000E+00  0.8712641E+00
         1    46      9  0.4907233E+00  0.0000000E+00  0.8713155E+00
         1    46     10  0.4915916E+00  0.0000000E+00  0.8708259E+00

         1    47      0  0.0000000E+00  0.0000000E+00  0.0000000E+00
         1    47      1  0.4915372E+00  0.0000000E+00  0.8708566E+00
         1    47      2  0.4913576E+00  0.0000000E+00  0.8709579E+00
         1    47      3  0.4912676E+00  0.0000000E+00  0.8710087E+00
         1    47      4  0.4911773E+00  0.0000000E+00  0.8710596E+00
         1    47      5  0.4910869E+00  0.0000000E+00  0.8711106E+00
         1    47      6  0.4909963E+00  0.0000000E+00  0.8711617E+00
         1    47      7  0.4909055E+00  0.0000000E+00  0.8712128E+00
         1    47      8  0.4908145E+00  0.0000000E+00  0.8712641E+00
         1    47      9  0.4907233E+00  0.0000000E+00  0.8713155E+00
         1    47     10  0.4915916E+00  0.0000000E+00  0.8708259E+00

         1    48      0  0.0000000E+00  0.0000000E+00  0.0000000E+00
         1    48      1  0.4915372E+00  0.0000000E+00  0.8708566E+00
         1    48      2  0.4913576E+00  0.0000000E+00  0.8709579E+00
         1    48      3  0.4912676E+00  0.0000000E+00  0.8710087E+00
         1    48      4  0.4911773E+00  0.0000000E+00  0.8710596E+00
         1    48      5  0.4910869E+00  0.0000000E+00  0.8711106E+00
         1    48      6  0.4909963E+00  0.0000000E+00  0.8711617E+00
         1    48      7  0.4909055E+00  0.0000000E+00  0.8712128E+00
         1    48      8  0.4908145E+00  0.0000000E+00  0.8712641E+00
         1    48      9  0.4907233E+00  0.0000000E+00  0.8713155E+00
         1    48     10  0.4915916E+00  0.0000000E+00  0.8708259E+00

         1    49      0  0.0000000E+00  0.0000000E+00  0.0000000E+00
         1    49      1  0.4915372E+00  0.0000000E+00  0.8708566E+00
         1    49      2  0.4913576E+00  0.0000000E+00  0.8709579E+00
         1    49      3  0.4912676E+00  0.0000000E+00  0.8710087E+00
         1    49      4  0.4911773E+00  0.0000000E+00  0.8710596E+00
         1    49      5  0.4910869E+00  0.0000000E+00  0.8711106E+00
         1    49      6  0.4909963E+00  0.0000000E+00  0.8711617E+00
         1    49      7  0.4909055E+00  0.0000000E+00  0.8712128E+00
         1    49      8  0.4908145E+00  0.0000000E+00  0.8712641E+00
         1    49      9  0.4907233E+00  0.0000000E+00  0.8713155E+00
         1    49     10  0.4915916E+00  0.0000000E+00  0.8708259E+00

         1    50      0  0.0000000E+00  0.0000000E+00  0.0000000E+00
         1    50      1  0.4915372E+00  0.0000000E+00  0.8708566E+00
         1    50      2  0.4913308E+00  0.0000000E+00  0.8709730E+00
         1    50      3  0.4912274E+00  0.0000000E+00  0.8710314E+00
         1    50      4  0.4911238E+00  0.0000000E+00  0.8710898E+00
         1    50      5  0.4910201E+00  0.0000000E+00  0.8711482E+00
         1    50      6  0.4909163E+00  0.0000000E+00  0.8712067E+00
         1    50      7  0.4908123E+00  0.0000000E+00  0.8712653E+00
         1    50      8  0.4907082E+00  0.0000000E+00  0.8713239E+00
         1    50      9  0.4906040E+00  0.0000000E+00  0.8713826E+00
         1    50     10  0.4915921E+00  0.0000000E+00  0.8708256E+00

         1    51      0  0.0000000E+00  0.0000000E+00  0.0000000E+00
         1    51      1  0.4915372E+00  0.0000000E+00  0.8708566E+00
         1    51      2  0.4912904E+00  0.0000000E+00  0.8709958E+00
         1    51      3  0.4911669E+00  0.0000000E+00  0.8710655E+00
         1    51      4  0.4910433E+00  0.0000000E+00  0.8711351E+00
         1    51      5  0.4909197E+00  0.0000000E+00  0.8712048E+00
         1    51      6  0.4907959E+00  0.0000000E+00  0.8712746E+00
         1    51      7  0.4906721E+00  0.0000000E+00  0.8713443E+00
         1    51      8  0.4905482E+00  0.0000000E+00  0.8714141E+00
         1    51      9  0.4904242E+00  0.0000000E+00  0.8714838E+00
         1    51     10  0.4915928E+00  0.0000000E+00  0.8708252E+00

         1    52      0  0.0000000E+00  0.0000000E+00  0.0000000E+00
         1    52      1  0.4915372E+00  0.0000000E+00  0.8708566E+00
         1    52      2  0.4912904E+00  0.0000000E+00  0.8709958E+00
         1    52      3  0.4911669E+00  0.0000000E+00  0.8710655E+00
         1    52      4  0.4910433E+00  0.0000000E+00  0.8711351E+00
         1    52      5  0.4909197E+00  0.0000000E+00  0.8712048E+00
         1    52      6  0.4907959E+00  0.0000000E+00  0.8712746E+00
         1    52      7  0.4906721E+00  0.0000000E+00  0.8713443E+00
         1    52      8  0.4905482E+00  0.0000000E+00  0.8714141E+00
         1    52      9  0.4904242E+00  0.0000000E+00  0.8714838E+00
         1    52     10  0.4915928E+00  0.0000000E+00  0.8708252E+00

         1    53      0  0.0000000E+00  0.0000000E+00  0.0000000E+00
         1    53      1  0.5642268E+00  0.0000000E+00  0.8256199E+00
         1    53      2  0.5640449E+00  0.0000000E+00  0.8257441E+00
         1    53      3  0.5639538E+00  0.0000000E+00  0.8258064E+00
         1    53      4  0.5638626E+00  0.0000000E+00  0.8258686E+00
         1    53      5  0.5637713E+00  0.0000000E+00  0.8259309E+00
         1    53      6  0.5636799E+00  0.0000000E+00  0.8259933E+00
         1    53      7  0.5635885E+00  0.0000000E+00  0.8260557E+00
         1    53      8  0.5634969E+00  0.0000000E+00  0.8261182E+00
         1    53      9  0.5634052E+00  0.0000000E+00  0.8261807E+00
         1    53     10  0.5644723E+00  0.0000000E+00  0.8254520E+00

         1    54      0  0.0000000E+00  0.0000000E+00  0.0000000E+00
         1    54      1  0.5642268E+00  0.0000000E+00  0.8256199E+00
         1    54      2  0.5640449E+00  0.0000000E+00  0.8257441E+00
         1    54      3  0.5639538E+00  0.0000000E+00  0.8258064E+00
         1    54      4  0.5638626E+00  0.0000000E+00  0.8258686E+00
         1    54      5  0.5637713E+00  0.0000000E+00  0.8259309E+00
         1    54      6  0.5636799E+00  0.0000000E+00  0.8259933E+00
         1    54      7  0.5635885E+00  0.0000000E+00  0.8260557E+00
         1    54      8  0.5634969E+00  0.0000000E+00  0.8261182E+00
         1    54      9  0.5634052E+00  0.0000000E+00  0.8261807E+00
         1    54     10  0.5644723E+00  0.0000000E+00  0.8254520E+00

         1    55      0  0.0000000E+00  0.0000000E+00  0.0000000E+00
         1    55      1  0.5642268E+00  0.0000000E+00  0.8256199E+00
         1    55      2  0.5640449E+00  0.0000000E+00  0.8257441E+00
         1    55      3  0.5639540E+00  0.0000000E+00  0.8258062E+00
         1    55      4  0.5638629E+00  0.0000000E+00  0.8258684E+00
         1    55      5  0.5637718E+00  0.0000000E+00  0.8259306E+00
         1    55      6  0.5636807E+00  0.0000000E+00  0.8259928E+00
         1    55      7  0.5635895E+00  0.0000000E+00  0.8260550E+00
         1    55      8  0.5634982E+00  0.0000000E+00  0.8261173E+00
         1    55      9  0.5634069E+00  0.0000000E+00  0.8261796E+00
         1    55     10  0.5644723E+00  0.0000000E+00  0.8254520E+00

         1    56      0  0.0000000E+00  0.0000000E+00  0.0000000E+00
         1    56      1  0.5642268E+00  0.0000000E+00  0.8256199E+00
         1    56      2  0.5640449E+00  0.0000000E+00  0.8257441E+00
         1    56      3  0.5639540E+00  0.0000000E+00  0.8258062E+00
         1    56      4  0.5638629E+00  0.0000000E+00  0.8258684E+00
         1    56      5  0.5637718E+00  0.0000000E+00  0.8259306E+00
         1    56      6  0.5636807E+00  0.0000000E+00  0.8259928E+00
         1    56      7  0.5635895E+00  0.0000000E+00  0.8260550E+00
         1    56      8  0.5634982E+00  0.0000000E+00  0.8261173E+00
         1    56      9  0.5634069E+00  0.0000000E+00  0.8261796E+00
         1    56     10  0.5644723E+00  0.0000000E+00  0.8254520E+00

         1    57      0  0.0000000E+00  0.0000000E+00  0.0000000E+00
         1    57      1  0.5642268E+00  0.0000000E+00  0.8256199E+00
         1    57      2  0.5642302E+00  0.0000000E+00  0.8256175E+00
         1    57      3  0.5642318E+00  0.0000000E+00  0.8256164E+00
         1    57      4  0.5642334E+00  0.0000000E+00  0.8256154E+00
         1    57      5  0.5642349E+00  0.0000000E+00  0.8256143E+00
         1    57      6  0.5642363E+00  0.0000000E+00  0.8256133E+00
         1    57      7  0.5642378E+00  0.0000000E+00  0.8256123E+00
         1    57      8  0.5642391E+00  0.0000000E+00  0.8256114E+00
         1    57      9  0.5642405E+00  0.0000000E+00  0.8256105E+00
         1    57     10  0.5644047E+00  0.0000000E+00  0.8254982E+00

         1    58      0  0.0000000E+00  0.0000000E+00  0.0000000E+00
         1    58      1  0.5642268E+00  0.0000000E+00  0.8256199E+00
         1    58      2  0.5644153E+00  0.0000000E+00  0.8254910E+00
         1    58      3  0.5645095E+00  0.0000000E+00  0.8254266E+00
         1    58      4  0.5646036E+00  0.0000000E+00  0.8253622E+00
         1    58      5  0.5646976E+00  0.0000000E+00  0.8252979E+00
         1    58      6  0.5647916E+00  0.0000000E+00  0.8252336E+00
         1    58      7  0.5648855E+00  0.0000000E+00  0.8251693E+00
         1    58      8  0.5649794E+00  0.0000000E+00  0.8251050E+00
         1    58      9  0.5650732E+00  0.0000000E+00  0.8250408E+00
         1    58     10  0.5643351E+00  0.0000000E+00  0.8255458E+00

         1    59      0  0.0000000E+00  0.0000000E+00  0.0000000E+00
         1    59      1  0.5642268E+00  0.0000000E+00  0.8256199E+00
         1    59      2  0.5644153E+00  0.0000000E+00  0.8254910E+00
         1    59      3  0.5645095E+00  0.0000000E+00  0.8254266E+00
         1    59      4  0.5646036E+00  0.0000000E+00  0.8253622E+00
         1    59      5  0.5646976E+00  0.0000000E+00  0.8252979E+00
         1    59      6  0.5647916E+00  0.0000000E+00  0.8252336E+00
         1    59      7  0.5648855E+00  0.0000000E+00  0.8251693E+00
         1    59      8  0.5649794E+00  0.0000000E+00  0.8251050E+00
         1    59      9  0.5650732E+00  0.0000000E+00  0.8250408E+00
         1    59     10  0.5643351E+00  0.0000000E+00  0.8255458E+00

         1    60      0  0.0000000E+00  0.0000000E+00  0.0000000E+00
         1    60      1  0.6327805E+00  0.0000000E+00  0.7743312E+00
         1    60      2  0.6330050E+00  0.0000000E+00  0.7741477E+00
         1    60      3  0.6331172E+00  0.0000000E+00  0.7740559E+00
         1    60      4  0.6332294E+00  0.0000000E+00  0.7739642E+00
         1    60      5  0.6333414E+00  0.0000000E+00  0.7738725E+00
         1    60      6  0.6334535E+00  0.0000000E+00  0.7737808E+00
         1    60      7  0.6335654E+00  0.0000000E+00  0.7736891E+00
         1    60      8  0.6336773E+00  0.0000000E+00  0.7735975E+00
         1    60      9  0.6337891E+00  0.0000000E+00  0.7735059E+00
         1    60     10  0.6330273E+00  0.0000000E+00  0.7741295E+00

         1    61      0  0.0000000E+00  0.0000000E+00  0.0000000E+00
         1    61      1  0.6327805E+00  0.0000000E+00  0.7743312E+00
         1    61      2  0.6330050E+00  0.0000000E+00  0.7741477E+00
         1    61      3  0.6331172E+00  0.0000000E+00  0.7740559E+00
         1    61      4  0.6332294E+00  0.0000000E+00  0.7739642E+00
         1    61      5  0.6333414E+00  0.0000000E+00  0.7738725E+00
         1    61      6  0.6334535E+00  0.0000000E+00  0.7737808E+00
         1    61      7  0.6335654E+00  0.0000000E+00  0.7736891E+00
         1    61      8  0.6336773E+00  0.0000000E+00  0.7735975E+00
         1    61      9  0.6337891E+00  0.0000000E+00  0.7735059E+00
         1    61     10  0.6330273E+00  0.0000000E+00  0.7741295E+00

         1    62      0  0.0000000E+00  0.0000000E+00  0.0000000E+00
         1    62      1  0.6327805E+00  0.0000000E+00  0.7743312E+00
         1    62      2  0.6330050E+00  0.0000000E+00  0.7741477E+00
         1    62      3  0.6331172E+00  0.0000000E+00  0.7740559E+00
         1    62      4  0.6332293E+00  0.0000000E+00  0.7739642E+00
         1    62      5  0.6333414E+00  0.0000000E+00  0.7738725E+00
         1    62      6  0.6334534E+00  0.0000000E+00  0.7737809E+00
         1    62      7  0.6335653E+00  0.0000000E+00  0.7736892E+00
         1    62      8  0.6336771E+00  0.0000000E+00  0.7735976E+00
         1    62      9  0.6337889E+00  0.0000000E+00  0.7735061E+00
         1    62     10  0.6330271E+00  0.0000000E+00  0.7741296E+00

         1    63      0  0.0000000E+00  0.0000000E+00  0.0000000E+00
         1    63      1  0.6327805E+00  0.0000000E+00  0.7743312E+00
         1    63      2  0.6330050E+00  0.0000000E+00  0.7741477E+00
         1    63      3  0.6331172E+00  0.0000000E+00  0.7740559E+00
         1    63      4  0.6332293E+00  0.0000000E+00  0.7739642E+00
         1    63      5  0.6333414E+00  0.0000000E+00  0.7738725E+00
         1    63      6  0.6334534E+00  0.0000000E+00  0.7737809E+00
         1    63      7  0.6335653E+00  0.0000000E+00  0.7736892E+00
         1    63      8  0.6336771E+00  0.0000000E+00  0.7735976E+00
         1    63      9  0.6337889E+00  0.0000000E+00  0.7735061E+00
         1    63     10  0.6330271E+00  0.0000000E+00  0.7741296E+00

         1    64      0  0.0000000E+00  0.0000000E+00  0.0000000E+00
         1    64      1  0.6327805E+00  0.0000000E+00  0.7743312E+00
         1    64      2  0.6329742E+00  0.0000000E+00  0.7741729E+00
         1    64      3  0.6330709E+00  0.0000000E+00  0.7740938E+00
         1    64      4  0.6331674E+00  0.0000000E+00  0.7740149E+00
         1    64      5  0.6332639E+00  0.0000000E+00  0.7739359E+00
         1    64      6  0.6333602E+00  0.0000000E+00  0.7738571E+00
         1    64      7  0.6334565E+00  0.0000000E+00  0.7737783E+00
         1    64      8  0.6335526E+00  0.0000000E+00  0.7736996E+00
         1    64      9  0.6336486E+00  0.0000000E+00  0.7736210E+00
         1    64     10  0.6332009E+00  0.0000000E+00  0.7739875E+00

         1    65      0  0.0000000E+00  0.0000000E+00  0.0000000E+00
         1    65      1  0.6327805E+00  0.0000000E+00  0.7743312E+00
         1    65      2  0.6329471E+00  0.0000000E+00  0.7741950E+00
         1    65      3  0.6330302E+00  0.0000000E+00  0.7741271E+00
         1    65      4  0.6331132E+00  0.0000000E+00  0.7740592E+00
         1    65      5  0.6331959E+00  0.0000000E+00  0.7739915E+00
         1    65      6  0.6332786E+00  0.0000000E+00  0.7739239E+00
         1    65      7  0.6333610E+00  0.0000000E+00  0.7738565E+00
         1    65      8  0.6334433E+00  0.0000000E+00  0.7737891E+00
         1    65      9  0.6335254E+00  0.0000000E+00  0.7737219E+00
         1    65     10  0.6333816E+00  0.0000000E+00  0.7738396E+00

         1    66      0  0.0000000E+00  0.0000000E+00  0.0000000E+00
         1    66      1  0.6327805E+00  0.0000000E+00  0.7743312E+00
         1    66      2  0.6329471E+00  0.0000000E+00  0.7741950E+00
         1    66      3  0.6330302E+00  0.0000000E+00  0.7741271E+00
         1    66      4  0.6331132E+00  0.0000000E+00  0.7740592E+00
         1    66      5  0.6331959E+00  0.0000000E+00  0.7739915E+00
         1    66      6  0.6332786E+00  0.0000000E+00  0.7739239E+00
         1    66      7  0.6333610E+00  0.0000000E+00  0.7738565E+00
         1    66      8  0.6334433E+00  0.0000000E+00  0.7737891E+00
         1    66      9  0.6335254E+00  0.0000000E+00  0.7737219E+00
         1    66     10  0.6333816E+00  0.0000000E+00  0.7738396E+00

         1    67      0  0.0000000E+00  0.0000000E+00  0.0000000E+00
         1    67      1  0.6966958E+00  0.0000000E+00  0.7173667E+00
         1    67      2  0.6968346E+00  0.0000000E+00  0.7172319E+00
         1    67      3  0.6969038E+00  0.0000000E+00  0.7171646E+00
         1    67      4  0.6969729E+00  0.0000000E+00  0.7170974E+00
         1    67      5  0.6970419E+00  0.0000000E+00  0.7170304E+00
         1    67      6  0.6971108E+00  0.0000000E+00  0.7169634E+00
         1    67      7  0.6971796E+00  0.0000000E+00  0.7168965E+00
         1    67      8  0.6972482E+00  0.0000000E+00  0.7168298E+00
         1    67      9  0.6973168E+00  0.0000000E+00  0.7167631E+00
         1    67     10  0.6972778E+00  0.0000000E+00  0.7168010E+00

         1    68      0  0.0000000E+00  0.0000000E+00  0.0000000E+00
         1    68      1  0.6966958E+00  0.0000000E+00  0.7173667E+00
         1    68      2  0.6968346E+00  0.0000000E+00  0.7172319E+00
         1    68      3  0.6969038E+00  0.0000000E+00  0.7171646E+00
         1    68      4  0.6969729E+00  0.0000000E+00  0.7170974E+00
         1    68      5  0.6970419E+00  0.0000000E+00  0.7170304E+00
         1    68      6  0.6971108E+00  0.0000000E+00  0.7169634E+00
         1    68      7  0.6971796E+00  0.0000000E+00  0.7168965E+00
         1    68      8  0.6972482E+00  0.0000000E+00  0.7168298E+00
         1    68      9  0.6973168E+00  0.0000000E+00  0.7167631E+00
         1    68     10  0.6972778E+00  0.0000000E+00  0.7168010E+00

         1    69      0  0.0000000E+00  0.0000000E+00  0.0000000E+00
         1    69      1  0.6966958E+00  0.0000000E+00  0.7173667E+00
         1    69      2  0.6968346E+00  0.0000000E+00  0.7172319E+00
         1    69      3  0.6969038E+00  0.0000000E+00  0.7171647E+00
         1    69      4  0.6969728E+00  0.0000000E+00  0.7170975E+00
         1    69      5  0.6970418E+00  0.0000000E+00  0.7170305E+00
         1    69      6  0.6971106E+00  0.0000000E+00  0.7169636E+00
         1    69      7  0.6971793E+00  0.0000000E+00  0.7168968E+00
         1    69      8  0.6972479E+00  0.0000000E+00  0.7168300E+00
         1    69      9  0.6973164E+00  0.0000000E+00  0.7167634E+00
         1    69     10  0.6972771E+00  0.0000000E+00  0.7168017E+00

         1    70      0  0.0000000E+00  0.0000000E+00  0.0000000E+00
         1    70      1  0.6966958E+00  0.0000000E+00  0.7173667E+00
         1    70      2  0.6968346E+00  0.0000000E+00  0.7172319E+00
         1    70      3  0.6969038E+00  0.0000000E+00  0.7171647E+00
         1    70      4  0.6969728E+00  0.0000000E+00  0.7170975E+00
         1    70      5  0.6970418E+00  0.0000000E+00  0.7170305E+00
         1    70      6  0.6971106E+00  0.0000000E+00  0.7169636E+00
         1    70      7  0.6971793E+00  0.0000000E+00  0.7168968E+00
         1    70      8  0.6972479E+00  0.0000000E+00  0.7168300E+00
         1    70      9  0.6973164E+00  0.0000000E+00  0.7167634E+00
         1    70     10  0.6972771E+00  0.0000000E+00  0.7168017E+00

         1    71      0  0.0000000E+00  0.0000000E+00  0.0000000E+00
         1    71      1  0.6966958E+00  0.0000000E+00  0.7173667E+00
         1    71      2  0.6967480E+00  0.0000000E+00  0.7173160E+00
         1    71      3  0.6967742E+00  0.0000000E+00  0.7172906E+00
         1    71      4  0.6968003E+00  0.0000000E+00  0.7172651E+00
         1    71      5  0.6968265E+00  0.0000000E+00  0.7172397E+00
         1    71      6  0.6968527E+00  0.0000000E+00  0.7172143E+00
         1    71      7  0.6968789E+00  0.0000000E+00  0.7171888E+00
         1    71      8  0.6969051E+00  0.0000000E+00  0.7171634E+00
         1    71      9  0.6969313E+00  0.0000000E+00  0.7171379E+00
         1    71     10  0.6967651E+00  0.0000000E+00  0.7172994E+00

         1    72      0  0.0000000E+00  0.0000000E+00  0.0000000E+00
         1    72      1  0.6966958E+00  0.0000000E+00  0.7173667E+00
         1    72      2  0.6966606E+00  0.0000000E+00  0.7174009E+00
         1    72      3  0.6966432E+00  0.0000000E+00  0.7174178E+00
         1    72      4  0.6966259E+00  0.0000000E+00  0.7174345E+00
         1    72      5  0.6966088E+00  0.0000000E+00  0.7174511E+00
         1    72      6  0.6965919E+00  0.0000000E+00  0.7174676E+00
         1    72      7  0.6965751E+00  0.0000000E+00  0.7174839E+00
         1    72      8  0.6965584E+00  0.0000000E+00  0.7175001E+00
         1    72      9  0.6965419E+00  0.0000000E+00  0.7175161E+00
         1    72     10  0.6962527E+00  0.0000000E+00  0.7177968E+00

         1    73      0  0.0000000E+00  0.0000000E+00  0.0000000E+00
         1    73      1  0.6966958E+00  0.0000000E+00  0.7173667E+00
         1    73      2  0.6966606E+00  0.0000000E+00  0.7174009E+00
         1    73      3  0.6966432E+00  0.0000000E+00  0.7174178E+00
         1    73      4  0.6966259E+00  0.0000000E+00  0.7174345E+00
         1    73      5  0.6966088E+00  0.0000000E+00  0.7174511E+00
         1    73      6  0.6965919E+00  0.0000000E+00  0.7174676E+00
         1    73      7  0.6965751E+00  0.0000000E+00  0.7174839E+00
         1    73      8  0.6965584E+00  0.0000000E+00  0.7175001E+00
         1    73      9  0.6965419E+00  0.0000000E+00  0.7175161E+00
         1    73     10  0.6962527E+00  0.0000000E+00  0.7177968E+00

         1    74      0  0.0000000E+00  0.0000000E+00  0.0000000E+00
         1    74      1  0.7555042E+00  0.0000000E+00  0.6551437E+00
         1    74      2  0.7554421E+00  0.0000000E+00  0.6552154E+00
         1    74      3  0.7554113E+00  0.0000000E+00  0.6552509E+00
         1    74      4  0.7553807E+00  0.0000000E+00  0.6552862E+00
         1    74      5  0.7553502E+00  0.0000000E+00  0.6553214E+00
         1    74      6  0.7553199E+00  0.0000000E+00  0.6553563E+00
         1    74      7  0.7552897E+00  0.0000000E+00  0.6553911E+00
         1    74      8  0.7552597E+00  0.0000000E+00  0.6554256E+00
         1    74      9  0.7552299E+00  0.0000000E+00  0.6554600E+00
         1    74     10  0.7551225E+00  0.0000000E+00  0.6555837E+00

         1    75      0  0.0000000E+00  0.0000000E+00  0.0000000E+00
         1    75      1  0.7555042E+00  0.0000000E+00  0.6551437E+00
         1    75      2  0.7554421E+00  0.0000000E+00  0.6552154E+00
         1    75      3  0.7554113E+00  0.0000000E+00  0.6552509E+00
         1    75      4  0.7553807E+00  0.0000000E+00  0.6552862E+00
         1    75      5  0.7553502E+00  0.0000000E+00  0.6553214E+00
         1    75      6  0.7553199E+00  0.0000000E+00  0.6553563E+00
         1    75      7  0.7552897E+00  0.0000000E+00  0.6553911E+00
         1    75      8  0.7552597E+00  0.0000000E+00  0.6554256E+00
         1    75      9  0.7552299E+00  0.0000000E+00  0.6554600E+00
         1    75     10  0.7551225E+00  0.0000000E+00  0.6555837E+00

         1    76      0  0.0000000E+00  0.0000000E+00  0.0000000E+00
         1    76      1  0.7555042E+00  0.0000000E+00  0.6551437E+00
         1    76      2  0.7554421E+00  0.0000000E+00  0.6552154E+00
         1    76      3  0.7554113E+00  0.0000000E+00  0.6552509E+00
         1    76      4  0.7553806E+00  0.0000000E+00  0.6552863E+00
         1    76      5  0.7553501E+00  0.0000000E+00  0.6553215E+00
         1    76      6  0.7553197E+00  0.0000000E+00  0.6553565E+00
         1    76      7  0.7552895E+00  0.0000000E+00  0.6553914E+00
         1    76      8  0.7552594E+00  0.0000000E+00  0.6554260E+00
         1    76      9  0.7552295E+00  0.0000000E+00  0.6554605E+00
         1    76     10  0.7551223E+00  0.0000000E+00  0.6555840E+00

         1    77      0  0.0000000E+00  0.0000000E+00  0.0000000E+00
         1    77      1  0.7555042E+00  0.0000000E+00  0.6551437E+00
         1    77      2  0.7554421E+00  0.0000000E+00  0.6552154E+00
         1    77      3  0.7554113E+00  0.0000000E+00  0.6552509E+00
         1    77      4  0.7553806E+00  0.0000000E+00  0.6552863E+00
         1    77      5  0.7553501E+00  0.0000000E+00  0.6553215E+00
         1    77      6  0.7553197E+00  0.0000000E+00  0.6553565E+00
         1    77      7  0.7552895E+00  0.0000000E+00  0.6553914E+00
         1    77      8  0.7552594E+00  0.0000000E+00  0.6554260E+00
         1    77      9  0.7552295E+00  0.0000000E+00  0.6554605E+00
         1    77     10  0.7551223E+00  0.0000000E+00  0.6555840E+00

         1    78      0  0.0000000E+00  0.0000000E+00  0.0000000E+00
         1    78      1  0.7555042E+00  0.0000000E+00  0.6551437E+00
         1    78      2  0.7554955E+00  0.0000000E+00  0.6551538E+00
         1    78      3  0.7554914E+00  0.0000000E+00  0.6551586E+00
         1    78      4  0.7554873E+00  0.0000000E+00  0.6551632E+00
         1    78      5  0.7554835E+00  0.0000000E+00  0.6551677E+00
         1    78      6  0.7554797E+00  0.0000000E+00  0.6551720E+00
         1    78      7  0.7554761E+00  0.0000000E+00  0.6551762E+00
         1    78      8  0.7554727E+00  0.0000000E+00  0.6551802E+00
         1    78      9  0.7554693E+00  0.0000000E+00  0.6551840E+00
         1    78     10  0.7552754E+00  0.0000000E+00  0.6554075E+00

         1    79      0  0.0000000E+00  0.0000000E+00  0.0000000E+00
         1    79      1  0.7555042E+00  0.0000000E+00  0.6551437E+00
         1    79      2  0.7555487E+00  0.0000000E+00  0.6550924E+00
         1    79      3  0.7555712E+00  0.0000000E+00  0.6550666E+00
         1    79      4  0.7555937E+00  0.0000000E+00  0.6550406E+00
         1    79      5  0.7556164E+00  0.0000000E+00  0.6550144E+00
         1    79      6  0.7556392E+00  0.0000000E+00  0.6549881E+00
         1    79      7  0.7556622E+00  0.0000000E+00  0.6549616E+00
         1    79      8  0.7556852E+00  0.0000000E+00  0.6549350E+00
         1    79      9  0.7557084E+00  0.0000000E+00  0.6549082E+00
         1    79     10  0.7554226E+00  0.0000000E+00  0.6552379E+00

         1    80      0  0.0000000E+00  0.0000000E+00  0.0000000E+00
         1    80      1  0.7555042E+00  0.0000000E+00  0.6551437E+00
         1    80      2  0.7555487E+00  0.0000000E+00  0.6550924E+00
         1    80      3  0.7555712E+00  0.0000000E+00  0.6550666E+00
         1    80      4  0.7555937E+00  0.0000000E+00  0.6550406E+00
         1    80      5  0.7556164E+00  0.0000000E+00  0.6550144E+00
         1    80      6  0.7556392E+00  0.0000000E+00  0.6549881E+00
         1    80      7  0.7556622E+00  0.0000000E+00  0.6549616E+00
         1    80      8  0.7556852E+00  0.0000000E+00  0.6549350E+00
         1    80      9  0.7557084E+00  0.0000000E+00  0.6549082E+00
         1    80     10  0.7554226E+00  0.0000000E+00  0.6552379E+00

         1    81      0  0.0000000E+00  0.0000000E+00  0.0000000E+00
         1    81      1  0.8087748E+00  0.0000000E+00  0.5881185E+00
         1    81      2  0.8087904E+00  0.0000000E+00  0.5880970E+00
         1    81      3  0.8087984E+00  0.0000000E+00  0.5880860E+00
         1    81      4  0.8088065E+00  0.0000000E+00  0.5880749E+00
         1    81      5  0.8088147E+00  0.0000000E+00  0.5880636E+00
         1    81      6  0.8088230E+00  0.0000000E+00  0.5880522E+00
         1    81      7  0.8088313E+00  0.0000000E+00  0.5880407E+00
         1    81      8  0.8088398E+00  0.0000000E+00  0.5880290E+00
         1    81      9  0.8088484E+00  0.0000000E+00  0.5880172E+00
         1    81     10  0.8088118E+00  0.0000000E+00  0.5880676E+00

         1    82      0  0.0000000E+00  0.0000000E+00  0.0000000E+00
         1    82      1  0.8087748E+00  0.0000000E+00  0.5881185E+00
         1    82      2  0.8087904E+00  0.0000000E+00  0.5880970E+00
         1    82      3  0.8087984E+00  0.0000000E+00  0.5880860E+00
         1    82      4  0.8088065E+00  0.0000000E+00  0.5880749E+00
         1    82      5  0.8088147E+00  0.0000000E+00  0.5880636E+00
         1    82      6  0.8088230E+00  0.0000000E+00  0.5880522E+00
         1    82      7  0.8088313E+00  0.0000000E+00  0.5880407E+00
         1    82      8  0.8088398E+00  0.0000000E+00  0.5880290E+00
         1    82      9  0.8088484E+00  0.0000000E+00  0.5880172E+00
         1    82     10  0.8088118E+00  0.0000000E+00  0.5880676E+00

         1    83      0  0.0000000E+00  0.0000000E+00  0.0000000E+00
         1    83      1  0.8087748E+00  0.0000000E+00  0.5881185E+00
         1    83      2  0.8087904E+00  0.0000000E+00  0.5880969E+00
         1    83      3  0.8087984E+00  0.0000000E+00  0.5880859E+00
         1    83      4  0.8088066E+00  0.0000000E+00  0.5880748E+00
         1    83      5  0.8088148E+00  0.0000000E+00  0.5880635E+00
         1    83      6  0.8088231E+00  0.0000000E+00  0.5880521E+00
         1    83      7  0.8088315E+00  0.0000000E+00  0.5880405E+00
         1    83      8  0.8088400E+00  0.0000000E+00  0.5880287E+00
         1    83      9  0.8088487E+00  0.0000000E+00  0.5880169E+00
         1    83     10  0.8088118E+00  0.0000000E+00  0.5880676E+00

         1    84      0  0.0000000E+00  0.0000000E+00  0.0000000E+00
         1    84      1  0.8087748E+00  0.0000000E+00  0.5881185E+00
         1    84      2  0.8087904E+00  0.0000000E+00  0.5880969E+00
         1    84      3  0.8087984E+00  0.0000000E+00  0.5880859E+00
         1    84      4  0.8088066E+00  0.0000000E+00  0.5880748E+00
         1    84      5  0.8088148E+00  0.0000000E+00  0.5880635E+00
         1    84      6  0.8088231E+00  0.0000000E+00  0.5880521E+00
         1    84      7  0.8088315E+00  0.0000000E+00  0.5880405E+00
         1    84      8  0.8088400E+00  0.0000000E+00  0.5880287E+00
         1    84      9  0.8088487E+00  0.0000000E+00  0.5880169E+00
         1    84     10  0.8088118E+00  0.0000000E+00  0.5880676E+00

         1    85      0  0.0000000E+00  0.0000000E+00  0.0000000E+00
         1    85      1  0.8087748E+00  0.0000000E+00  0.5881185E+00
         1    85      2  0.8087295E+00  0.0000000E+00  0.5881807E+00
         1    85      3  0.8087070E+00  0.0000000E+00  0.5882117E+00
         1    85      4  0.8086844E+00  0.0000000E+00  0.5882427E+00
         1    85      5  0.8086619E+00  0.0000000E+00  0.5882736E+00
         1    85      6  0.8086395E+00  0.0000000E+00  0.5883045E+00
         1    85      7  0.8086171E+00  0.0000000E+00  0.5883353E+00
         1    85      8  0.8085947E+00  0.0000000E+00  0.5883661E+00
         1    85      9  0.8085723E+00  0.0000000E+00  0.5883968E+00
         1    85     10  0.8087621E+00  0.0000000E+00  0.5881360E+00

         1    86      0  0.0000000E+00  0.0000000E+00  0.0000000E+00
         1    86      1  0.8087748E+00  0.0000000E+00  0.5881185E+00
         1    86      2  0.8086694E+00  0.0000000E+00  0.5882634E+00
         1    86      3  0.8086167E+00  0.0000000E+00  0.5883359E+00
         1    86      4  0.8085639E+00  0.0000000E+00  0.5884084E+00
         1    86      5  0.8085111E+00  0.0000000E+00  0.5884810E+00
         1    86      6  0.8084582E+00  0.0000000E+00  0.5885536E+00
         1    86      7  0.8084053E+00  0.0000000E+00  0.5886263E+00
         1    86      8  0.8083523E+00  0.0000000E+00  0.5886990E+00
         1    86      9  0.8082993E+00  0.0000000E+00  0.5887717E+00
         1    86     10  0.8087138E+00  0.0000000E+00  0.5882023E+00

         1    87      0  0.0000000E+00  0.0000000E+00  0.0000000E+00
         1    87      1  0.8087748E+00  0.0000000E+00  0.5881185E+00
         1    87      2  0.8086694E+00  0.0000000E+00  0.5882634E+00
         1    87      3  0.8086167E+00  0.0000000E+00  0.5883359E+00
         1    87      4  0.8085639E+00  0.0000000E+00  0.5884084E+00
         1    87      5  0.8085111E+00  0.0000000E+00  0.5884810E+00
         1    87      6  0.8084582E+00  0.0000000E+00  0.5885536E+00
         1    87      7  0.8084053E+00  0.0000000E+00  0.5886263E+00
         1    87      8  0.8083523E+00  0.0000000E+00  0.5886990E+00
         1    87      9  0.8082993E+00  0.0000000E+00  0.5887717E+00
         1    87     10  0.8087138E+00  0.0000000E+00  0.5882023E+00

         1    88      0  0.0000000E+00  0.0000000E+00  0.0000000E+00
         1    88      1  0.8561168E+00  0.0000000E+00  0.5167823E+00
         1    88      2  0.8560160E+00  0.0000000E+00  0.5169493E+00
         1    88      3  0.8559655E+00  0.0000000E+00  0.5170330E+00
         1    88      4  0.8559149E+00  0.0000000E+00  0.5171167E+00
         1    88      5  0.8558642E+00  0.0000000E+00  0.5172005E+00
         1    88      6  0.8558135E+00  0.0000000E+00  0.5172844E+00
         1    88      7  0.8557628E+00  0.0000000E+00  0.5173685E+00
         1    88      8  0.8557119E+00  0.0000000E+00  0.5174525E+00
         1    88      9  0.8556610E+00  0.0000000E+00  0.5175367E+00
         1    88     10  0.8561840E+00  0.0000000E+00  0.5166710E+00

         1    89      0  0.0000000E+00  0.0000000E+00  0.0000000E+00
         1    89      1  0.8561168E+00  0.0000000E+00  0.5167823E+00
         1    89      2  0.8560160E+00  0.0000000E+00  0.5169493E+00
         1    89      3  0.8559655E+00  0.0000000E+00  0.5170330E+00
         1    89      4  0.8559149E+00  0.0000000E+00  0.5171167E+00
         1    89      5  0.8558642E+00  0.0000000E+00  0.5172005E+00
         1    89      6  0.8558135E+00  0.0000000E+00  0.5172844E+00
         1    89      7  0.8557628E+00  0.0000000E+00  0.5173685E+00
         1    89      8  0.8557119E+00  0.0000000E+00  0.5174525E+00
         1    89      9  0.8556610E+00  0.0000000E+00  0.5175367E+00
         1    89     10  0.8561840E+00  0.0000000E+00  0.5166710E+00

         1    90      0  0.0000000E+00  0.0000000E+00  0.0000000E+00
         1    90      1  0.8561168E+00  0.0000000E+00  0.5167823E+00
         1    90      2  0.8559945E+00  0.0000000E+00  0.5169850E+00
         1    90      3  0.8559332E+00  0.0000000E+00  0.5170864E+00
         1    90      4  0.8558719E+00  0.0000000E+00  0.5171878E+00
         1    90      5  0.8558106E+00  0.0000000E+00  0.5172893E+00
         1    90      6  0.8557493E+00  0.0000000E+00  0.5173908E+00
         1    90      7  0.8556879E+00  0.0000000E+00  0.5174923E+00
         1    90      8  0.8556265E+00  0.0000000E+00  0.5175938E+00
         1    90      9  0.8555650E+00  0.0000000E+00  0.5176954E+00
         1    90     10  0.8561844E+00  0.0000000E+00  0.5166704E+00

         1    91      0  0.0000000E+00  0.0000000E+00  0.0000000E+00
         1    91      1  0.8561168E+00  0.0000000E+00  0.5167823E+00
         1    91      2  0.8559767E+00  0.0000000E+00  0.5170144E+00
         1    91      3  0.8559066E+00  0.0000000E+00  0.5171304E+00
         1    91      4  0.8558366E+00  0.0000000E+00  0.5172464E+00
         1    91      5  0.8557665E+00  0.0000000E+00  0.5173623E+00
         1    91      6  0.8556963E+00  0.0000000E+00  0.5174783E+00
         1    91      7  0.8556262E+00  0.0000000E+00  0.5175942E+00
         1    91      8  0.8555561E+00  0.0000000E+00  0.5177102E+00
         1    91      9  0.8554859E+00  0.0000000E+00  0.5178261E+00
         1    91     10  0.8561847E+00  0.0000000E+00  0.5166699E+00

         1    92      0  0.0000000E+00  0.0000000E+00  0.0000000E+00
         1    92      1  0.8561168E+00  0.0000000E+00  0.5167823E+00
         1    92      2  0.8559767E+00  0.0000000E+00  0.5170144E+00
         1    92      3  0.8559066E+00  0.0000000E+00  0.5171304E+00
         1    92      4  0.8558366E+00  0.0000000E+00  0.5172464E+00
         1    92      5  0.8557665E+00  0.0000000E+00  0.5173623E+00
         1    92      6  0.8556963E+00  0.0000000E+00  0.5174783E+00
         1    92      7  0.8556262E+00  0.0000000E+00  0.5175942E+00
         1    92      8  0.8555561E+00  0.0000000E+00  0.5177102E+00
         1    92      9  0.8554859E+00  0.0000000E+00  0.5178261E+00
         1    92     10  0.8561847E+00  0.0000000E+00  0.5166699E+00

         1    93      0  0.0000000E+00  0.0000000E+00  0.0000000E+00
         1    93      1  0.8561168E+00  0.0000000E+00  0.5167823E+00
         1    93      2  0.8559767E+00  0.0000000E+00  0.5170144E+00
         1    93      3  0.8559066E+00  0.0000000E+00  0.5171304E+00
         1    93      4  0.8558366E+00  0.0000000E+00  0.5172464E+00
         1    93      5  0.8557665E+00  0.0000000E+00  0.5173623E+00
         1    93      6  0.8556963E+00  0.0000000E+00  0.5174783E+00
         1    93      7  0.8556262E+00  0.0000000E+00  0.5175942E+00
         1    93      8  0.8555561E+00  0.0000000E+00  0.5177102E+00
         1    93      9  0.8554859E+00  0.0000000E+00  0.5178261E+00
         1    93     10  0.8561847E+00  0.0000000E+00  0.5166699E+00

         1    94      0  0.0000000E+00  0.0000000E+00  0.0000000E+00
         1    94      1  0.8561168E+00  0.0000000E+00  0.5167823E+00
         1    94      2  0.8559767E+00  0.0000000E+00  0.5170144E+00
         1    94      3  0.8559066E+00  0.0000000E+00  0.5171304E+00
         1    94      4  0.8558366E+00  0.0000000E+00  0.5172464E+00
         1    94      5  0.8557665E+00  0.0000000E+00  0.5173623E+00
         1    94      6  0.8556963E+00  0.0000000E+00  0.5174783E+00
         1    94      7  0.8556262E+00  0.0000000E+00  0.5175942E+00
         1    94      8  0.8555561E+00  0.0000000E+00  0.5177102E+00
         1    94      9  0.8554859E+00  0.0000000E+00  0.5178261E+00
         1    94     10  0.8561847E+00  0.0000000E+00  0.5166699E+00

         1    95      0  0.0000000E+00  0.0000000E+00  0.0000000E+00
         1    95      1  0.8561168E+00  0.0000000E+00  0.5167823E+00
         1    95      2  0.8561194E+00  0.0000000E+00  0.5167781E+00
         1    95      3  0.8561206E+00  0.0000000E+00  0.5167762E+00
         1    95      4  0.8561217E+00  0.0000000E+00  0.5167742E+00
         1    95      5  0.8561229E+00  0.0000000E+00  0.5167723E+00
         1    95      6  0.8561240E+00  0.0000000E+00  0.5167705E+00
         1    95      7  0.8561250E+00  0.0000000E+00  0.5167687E+00
         1    95      8  0.8561261E+00  0.0000000E+00  0.5167670E+00
         1    95      9  0.8561271E+00  0.0000000E+00  0.5167654E+00
         1    95     10  0.8561834E+00  0.0000000E+00  0.5166720E+00

         1    96      0  0.0000000E+00  0.0000000E+00  0.0000000E+00
         1    96      1  0.8561168E+00  0.0000000E+00  0.5167823E+00
         1    96      2  0.8562619E+00  0.0000000E+00  0.5165420E+00
         1    96      3  0.8563342E+00  0.0000000E+00  0.5164220E+00
         1    96      4  0.8564065E+00  0.0000000E+00  0.5163021E+00
         1    96      5  0.8564787E+00  0.0000000E+00  0.5161823E+00
         1    96      6  0.8565509E+00  0.0000000E+00  0.5160626E+00
         1    96      7  0.8566229E+00  0.0000000E+00  0.5159430E+00
         1    96      8  0.8566949E+00  0.0000000E+00  0.5158235E+00
         1    96      9  0.8567667E+00  0.0000000E+00  0.5157042E+00
         1    96     10  0.8561821E+00  0.0000000E+00  0.5166741E+00

         1    97      0  0.0000000E+00  0.0000000E+00  0.0000000E+00
         1    97      1  0.8561168E+00  0.0000000E+00  0.5167823E+00
         1    97      2  0.8562619E+00  0.0000000E+00  0.5165420E+00
         1    97      3  0.8563342E+00  0.0000000E+00  0.5164220E+00
         1    97      4  0.8564065E+00  0.0000000E+00  0.5163021E+00
         1    97      5  0.8564787E+00  0.0000000E+00  0.5161823E+00
         1    97      6  0.8565509E+00  0.0000000E+00  0.5160626E+00
         1    97      7  0.8566229E+00  0.0000000E+00  0.5159430E+00
         1    97      8  0.8566949E+00  0.0000000E+00  0.5158235E+00
         1    97      9  0.8567667E+00  0.0000000E+00  0.5157042E+00
         1    97     10  0.8561821E+00  0.0000000E+00  0.5166741E+00

         1    98      0  0.0000000E+00  0.0000000E+00  0.0000000E+00
         1    98      1  0.8561168E+00  0.0000000E+00  0.5167823E+00
         1    98      2  0.8562619E+00  0.0000000E+00  0.5165420E+00
         1    98      3  0.8563342E+00  0.0000000E+00  0.5164220E+00
         1    98      4  0.8564065E+00  0.0000000E+00  0.5163021E+00
         1    98      5  0.8564787E+00  0.0000000E+00  0.5161823E+00
         1    98      6  0.8565509E+00  0.0000000E+00  0.5160626E+00
         1    98      7  0.8566229E+00  0.0000000E+00  0.5159430E+00
         1    98      8  0.8566949E+00  0.0000000E+00  0.5158235E+00
         1    98      9  0.8567667E+00  0.0000000E+00  0.5157042E+00
         1    98     10  0.8561821E+00  0.0000000E+00  0.5166741E+00

         1    99      0  0.0000000E+00  0.0000000E+00  0.0000000E+00
         1    99      1  0.8561168E+00  0.0000000E+00  0.5167823E+00
         1    99      2  0.8562619E+00  0.0000000E+00  0.5165420E+00
         1    99      3  0.8563342E+00  0.0000000E+00  0.5164220E+00
         1    99      4  0.8564065E+00  0.0000000E+00  0.5163021E+00
         1    99      5  0.8564787E+00  0.0000000E+00  0.5161823E+00
         1    99      6  0.8565509E+00  0.0000000E+00  0.5160626E+00
         1    99      7  0.8566229E+00  0.0000000E+00  0.5159430E+00
         1    99      8  0.8566949E+00  0.0000000E+00  0.5158235E+00
         1    99      9  0.8567667E+00  0.0000000E+00  0.5157042E+00
         1    99     10  0.8561821E+00  0.0000000E+00  0.5166741E+00

         1   100      0  0.0000000E+00  0.0000000E+00  0.0000000E+00
         1   100      1  0.8561168E+00  0.0000000E+00  0.5167823E+00
         1   100      2  0.8562473E+00  0.0000000E+00  0.5165661E+00
         1   100      3  0.8563124E+00  0.0000000E+00  0.5164582E+00
         1   100      4  0.8563774E+00  0.0000000E+00  0.5163504E+00
         1   100      5  0.8564423E+00  0.0000000E+00  0.5162428E+00
         1   100      6  0.8565071E+00  0.0000000E+00  0.5161353E+00
         1   100      7  0.8565717E+00  0.0000000E+00  0.5160280E+00
         1   100      8  0.8566363E+00  0.0000000E+00  0.5159207E+00
         1   100      9  0.8567008E+00  0.0000000E+00  0.5158136E+00
         1   100     10  0.8561821E+00  0.0000000E+00  0.5166741E+00
